{
 "cells": [
  {
   "cell_type": "code",
   "execution_count": 6,
   "metadata": {
    "kernel": "SoS"
   },
   "outputs": [],
   "source": [
    "SUFFIX = '../analyses/2bRAD/Inputs/HCSS_Afilt32m70_01'\n",
    "POP = '../analyses/2bRAD/PopGen/HCSS_Afilt32m70_01'\n",
    "INPUT = '../analyses/2bRAD/Inputs/'"
   ]
  },
  {
   "cell_type": "code",
   "execution_count": 7,
   "metadata": {},
   "outputs": [],
   "source": [
    "#function to run bash commands cleanly\n",
    "js <- function(shell_command){\n",
    "    cat(system(shell_command, intern=TRUE), sep='\\n')}"
   ]
  },
  {
   "cell_type": "markdown",
   "metadata": {
    "kernel": "SoS"
   },
   "source": [
    "# Correlate genetic and epigenetic distances"
   ]
  },
  {
   "cell_type": "markdown",
   "metadata": {
    "kernel": "bash"
   },
   "source": [
    "### For all sites"
   ]
  },
  {
   "cell_type": "code",
   "execution_count": 28,
   "metadata": {
    "kernel": "Bash"
   },
   "outputs": [
    {
     "name": "stdout",
     "output_type": "stream",
     "text": [
      "/gpfs01/home/kes0132/CommonG_cp2/2019_Mapping/paper-oly-mbdbs-gen/code\n"
     ]
    }
   ],
   "source": [
    "\n",
    "js(\"pwd\")"
   ]
  },
  {
   "cell_type": "code",
   "execution_count": 9,
   "metadata": {
    "kernel": "Bash"
   },
   "outputs": [
    {
     "name": "stdout",
     "output_type": "stream",
     "text": [
      "\"SeqNum.row\",\"SeqNum.col\",\"dist.manh\",\"SampNum.row\",\"SampNum.col\"\n",
      "1,1,0,\"hc1_2\",\"hc1_2\"\n",
      "1,15,273985.441785306,\"ss3_15\",\"hc1_2\"\n",
      "1,3,290189.490642819,\"hc2_15\",\"hc1_2\"\n",
      "1,17,285476.927245925,\"ss3_20\",\"hc1_2\"\n",
      "1,4,281520.711361473,\"hc2_17\",\"hc1_2\"\n",
      "1,2,298303.029739484,\"hc1_4\",\"hc1_2\"\n",
      "1,7,298537.38668563,\"hc3_7\",\"hc1_2\"\n",
      "1,16,284208.486947856,\"ss3_16\",\"hc1_2\"\n",
      "1,14,281305.331808996,\"ss3_14\",\"hc1_2\"\n"
     ]
    }
   ],
   "source": [
    "js(\"head ../analyses/methylation-filtered/dist.manhat.csv\")"
   ]
  },
  {
   "cell_type": "code",
   "execution_count": 10,
   "metadata": {
    "kernel": "R"
   },
   "outputs": [
    {
     "data": {
      "text/html": [
       "<table>\n",
       "<caption>A matrix: 18 × 18 of type dbl</caption>\n",
       "<thead>\n",
       "\t<tr><th></th><th scope=col>hc1_2</th><th scope=col>hc1_4</th><th scope=col>hc2_15</th><th scope=col>hc2_17</th><th scope=col>hc3_1</th><th scope=col>hc3_5</th><th scope=col>hc3_7</th><th scope=col>hc3_10</th><th scope=col>hc3_11</th><th scope=col>ss2_9</th><th scope=col>ss2_14</th><th scope=col>ss2_18</th><th scope=col>ss3_3</th><th scope=col>ss3_14</th><th scope=col>ss3_15</th><th scope=col>ss3_16</th><th scope=col>ss3_20</th><th scope=col>ss5_18</th></tr>\n",
       "</thead>\n",
       "<tbody>\n",
       "\t<tr><th scope=row>hc1_2</th><td>     0.0</td><td>298303.0</td><td>290189.5</td><td>281520.7</td><td>323694.5</td><td>288274.1</td><td>298537.4</td><td>276634.8</td><td>311367.0</td><td>297793.0</td><td>280529.9</td><td>334528.1</td><td>284554.6</td><td>281305.3</td><td>273985.4</td><td>284208.5</td><td>285476.9</td><td>297048.1</td></tr>\n",
       "\t<tr><th scope=row>hc1_4</th><td>298303.0</td><td>     0.0</td><td>288401.4</td><td>272689.0</td><td>314054.6</td><td>308425.8</td><td>290930.3</td><td>292157.4</td><td>313295.9</td><td>306377.3</td><td>291403.7</td><td>334752.1</td><td>291934.5</td><td>287946.6</td><td>285750.2</td><td>292011.5</td><td>290794.1</td><td>299482.5</td></tr>\n",
       "\t<tr><th scope=row>hc2_15</th><td>290189.5</td><td>288401.4</td><td>     0.0</td><td>267996.3</td><td>312934.8</td><td>306314.1</td><td>276217.9</td><td>283512.3</td><td>309629.3</td><td>296792.4</td><td>273417.4</td><td>339043.0</td><td>280972.0</td><td>277302.7</td><td>270960.4</td><td>281246.4</td><td>283754.6</td><td>297864.8</td></tr>\n",
       "\t<tr><th scope=row>hc2_17</th><td>281520.7</td><td>272689.0</td><td>267996.3</td><td>     0.0</td><td>314787.3</td><td>299622.6</td><td>275369.7</td><td>267637.3</td><td>306306.9</td><td>287060.1</td><td>263776.1</td><td>339119.1</td><td>274036.3</td><td>268751.4</td><td>256317.1</td><td>272144.4</td><td>273361.0</td><td>290238.7</td></tr>\n",
       "\t<tr><th scope=row>hc3_1</th><td>323694.5</td><td>314054.6</td><td>312934.8</td><td>314787.3</td><td>     0.0</td><td>334641.8</td><td>299112.8</td><td>325937.0</td><td>324463.8</td><td>321179.5</td><td>320997.4</td><td>335280.4</td><td>315988.8</td><td>313767.2</td><td>321554.2</td><td>317127.8</td><td>317475.6</td><td>315139.7</td></tr>\n",
       "\t<tr><th scope=row>hc3_5</th><td>288274.1</td><td>308425.8</td><td>306314.1</td><td>299622.6</td><td>334641.8</td><td>     0.0</td><td>315610.7</td><td>288781.8</td><td>325942.9</td><td>316722.4</td><td>306762.5</td><td>346143.9</td><td>305665.1</td><td>303050.4</td><td>296746.5</td><td>308046.6</td><td>304834.4</td><td>313945.2</td></tr>\n",
       "\t<tr><th scope=row>hc3_7</th><td>298537.4</td><td>290930.3</td><td>276217.9</td><td>275369.7</td><td>299112.8</td><td>315610.7</td><td>     0.0</td><td>292111.6</td><td>315363.0</td><td>297745.1</td><td>282259.6</td><td>341069.9</td><td>284236.7</td><td>279628.7</td><td>277165.4</td><td>285466.0</td><td>287941.8</td><td>299663.9</td></tr>\n",
       "\t<tr><th scope=row>hc3_10</th><td>276634.8</td><td>292157.4</td><td>283512.3</td><td>267637.3</td><td>325937.0</td><td>288781.8</td><td>292111.6</td><td>     0.0</td><td>317230.3</td><td>297372.5</td><td>267563.6</td><td>345360.9</td><td>279921.4</td><td>274370.7</td><td>257816.0</td><td>277769.7</td><td>274299.4</td><td>294286.7</td></tr>\n",
       "\t<tr><th scope=row>hc3_11</th><td>311367.0</td><td>313295.9</td><td>309629.3</td><td>306306.9</td><td>324463.8</td><td>325942.9</td><td>315363.0</td><td>317230.3</td><td>     0.0</td><td>306749.7</td><td>303226.0</td><td>330648.3</td><td>295962.1</td><td>294657.6</td><td>302097.9</td><td>297720.5</td><td>300676.0</td><td>304098.3</td></tr>\n",
       "\t<tr><th scope=row>ss2_9</th><td>297793.0</td><td>306377.3</td><td>296792.4</td><td>287060.1</td><td>321179.5</td><td>316722.4</td><td>297745.1</td><td>297372.5</td><td>306749.7</td><td>     0.0</td><td>253556.8</td><td>313685.4</td><td>255231.0</td><td>253726.0</td><td>268911.5</td><td>256477.3</td><td>273957.8</td><td>278320.1</td></tr>\n",
       "\t<tr><th scope=row>ss2_14</th><td>280529.9</td><td>291403.7</td><td>273417.4</td><td>263776.1</td><td>320997.4</td><td>306762.5</td><td>282259.6</td><td>267563.6</td><td>303226.0</td><td>253556.8</td><td>     0.0</td><td>326677.5</td><td>241072.4</td><td>240035.5</td><td>237976.3</td><td>237509.6</td><td>258380.9</td><td>271803.4</td></tr>\n",
       "\t<tr><th scope=row>ss2_18</th><td>334528.1</td><td>334752.1</td><td>339043.0</td><td>339119.1</td><td>335280.4</td><td>346143.9</td><td>341069.9</td><td>345360.9</td><td>330648.3</td><td>313685.4</td><td>326677.5</td><td>     0.0</td><td>300672.3</td><td>306406.7</td><td>328384.0</td><td>317824.0</td><td>324077.2</td><td>300108.0</td></tr>\n",
       "\t<tr><th scope=row>ss3_3</th><td>284554.6</td><td>291934.5</td><td>280972.0</td><td>274036.3</td><td>315988.8</td><td>305665.1</td><td>284236.7</td><td>279921.4</td><td>295962.1</td><td>255231.0</td><td>241072.4</td><td>300672.3</td><td>     0.0</td><td>238988.6</td><td>251167.6</td><td>238332.2</td><td>262145.0</td><td>253721.5</td></tr>\n",
       "\t<tr><th scope=row>ss3_14</th><td>281305.3</td><td>287946.6</td><td>277302.7</td><td>268751.4</td><td>313767.2</td><td>303050.4</td><td>279628.7</td><td>274370.7</td><td>294657.6</td><td>253726.0</td><td>240035.5</td><td>306406.7</td><td>238988.6</td><td>     0.0</td><td>244038.7</td><td>235816.2</td><td>258085.7</td><td>257354.3</td></tr>\n",
       "\t<tr><th scope=row>ss3_15</th><td>273985.4</td><td>285750.2</td><td>270960.4</td><td>256317.1</td><td>321554.2</td><td>296746.5</td><td>277165.4</td><td>257816.0</td><td>302097.9</td><td>268911.5</td><td>237976.3</td><td>328384.0</td><td>251167.6</td><td>244038.7</td><td>     0.0</td><td>246521.3</td><td>253941.4</td><td>276798.6</td></tr>\n",
       "\t<tr><th scope=row>ss3_16</th><td>284208.5</td><td>292011.5</td><td>281246.4</td><td>272144.4</td><td>317127.8</td><td>308046.6</td><td>285466.0</td><td>277769.7</td><td>297720.5</td><td>256477.3</td><td>237509.6</td><td>317824.0</td><td>238332.2</td><td>235816.2</td><td>246521.3</td><td>     0.0</td><td>258804.6</td><td>267488.5</td></tr>\n",
       "\t<tr><th scope=row>ss3_20</th><td>285476.9</td><td>290794.1</td><td>283754.6</td><td>273361.0</td><td>317475.6</td><td>304834.4</td><td>287941.8</td><td>274299.4</td><td>300676.0</td><td>273957.8</td><td>258380.9</td><td>324077.2</td><td>262145.0</td><td>258085.7</td><td>253941.4</td><td>258804.6</td><td>     0.0</td><td>280486.1</td></tr>\n",
       "\t<tr><th scope=row>ss5_18</th><td>297048.1</td><td>299482.5</td><td>297864.8</td><td>290238.7</td><td>315139.7</td><td>313945.2</td><td>299663.9</td><td>294286.7</td><td>304098.3</td><td>278320.1</td><td>271803.4</td><td>300108.0</td><td>253721.5</td><td>257354.3</td><td>276798.6</td><td>267488.5</td><td>280486.1</td><td>     0.0</td></tr>\n",
       "</tbody>\n",
       "</table>\n"
      ],
      "text/latex": [
       "A matrix: 18 × 18 of type dbl\n",
       "\\begin{tabular}{r|llllllllllllllllll}\n",
       "  & hc1\\_2 & hc1\\_4 & hc2\\_15 & hc2\\_17 & hc3\\_1 & hc3\\_5 & hc3\\_7 & hc3\\_10 & hc3\\_11 & ss2\\_9 & ss2\\_14 & ss2\\_18 & ss3\\_3 & ss3\\_14 & ss3\\_15 & ss3\\_16 & ss3\\_20 & ss5\\_18\\\\\n",
       "\\hline\n",
       "\thc1\\_2 &      0.0 & 298303.0 & 290189.5 & 281520.7 & 323694.5 & 288274.1 & 298537.4 & 276634.8 & 311367.0 & 297793.0 & 280529.9 & 334528.1 & 284554.6 & 281305.3 & 273985.4 & 284208.5 & 285476.9 & 297048.1\\\\\n",
       "\thc1\\_4 & 298303.0 &      0.0 & 288401.4 & 272689.0 & 314054.6 & 308425.8 & 290930.3 & 292157.4 & 313295.9 & 306377.3 & 291403.7 & 334752.1 & 291934.5 & 287946.6 & 285750.2 & 292011.5 & 290794.1 & 299482.5\\\\\n",
       "\thc2\\_15 & 290189.5 & 288401.4 &      0.0 & 267996.3 & 312934.8 & 306314.1 & 276217.9 & 283512.3 & 309629.3 & 296792.4 & 273417.4 & 339043.0 & 280972.0 & 277302.7 & 270960.4 & 281246.4 & 283754.6 & 297864.8\\\\\n",
       "\thc2\\_17 & 281520.7 & 272689.0 & 267996.3 &      0.0 & 314787.3 & 299622.6 & 275369.7 & 267637.3 & 306306.9 & 287060.1 & 263776.1 & 339119.1 & 274036.3 & 268751.4 & 256317.1 & 272144.4 & 273361.0 & 290238.7\\\\\n",
       "\thc3\\_1 & 323694.5 & 314054.6 & 312934.8 & 314787.3 &      0.0 & 334641.8 & 299112.8 & 325937.0 & 324463.8 & 321179.5 & 320997.4 & 335280.4 & 315988.8 & 313767.2 & 321554.2 & 317127.8 & 317475.6 & 315139.7\\\\\n",
       "\thc3\\_5 & 288274.1 & 308425.8 & 306314.1 & 299622.6 & 334641.8 &      0.0 & 315610.7 & 288781.8 & 325942.9 & 316722.4 & 306762.5 & 346143.9 & 305665.1 & 303050.4 & 296746.5 & 308046.6 & 304834.4 & 313945.2\\\\\n",
       "\thc3\\_7 & 298537.4 & 290930.3 & 276217.9 & 275369.7 & 299112.8 & 315610.7 &      0.0 & 292111.6 & 315363.0 & 297745.1 & 282259.6 & 341069.9 & 284236.7 & 279628.7 & 277165.4 & 285466.0 & 287941.8 & 299663.9\\\\\n",
       "\thc3\\_10 & 276634.8 & 292157.4 & 283512.3 & 267637.3 & 325937.0 & 288781.8 & 292111.6 &      0.0 & 317230.3 & 297372.5 & 267563.6 & 345360.9 & 279921.4 & 274370.7 & 257816.0 & 277769.7 & 274299.4 & 294286.7\\\\\n",
       "\thc3\\_11 & 311367.0 & 313295.9 & 309629.3 & 306306.9 & 324463.8 & 325942.9 & 315363.0 & 317230.3 &      0.0 & 306749.7 & 303226.0 & 330648.3 & 295962.1 & 294657.6 & 302097.9 & 297720.5 & 300676.0 & 304098.3\\\\\n",
       "\tss2\\_9 & 297793.0 & 306377.3 & 296792.4 & 287060.1 & 321179.5 & 316722.4 & 297745.1 & 297372.5 & 306749.7 &      0.0 & 253556.8 & 313685.4 & 255231.0 & 253726.0 & 268911.5 & 256477.3 & 273957.8 & 278320.1\\\\\n",
       "\tss2\\_14 & 280529.9 & 291403.7 & 273417.4 & 263776.1 & 320997.4 & 306762.5 & 282259.6 & 267563.6 & 303226.0 & 253556.8 &      0.0 & 326677.5 & 241072.4 & 240035.5 & 237976.3 & 237509.6 & 258380.9 & 271803.4\\\\\n",
       "\tss2\\_18 & 334528.1 & 334752.1 & 339043.0 & 339119.1 & 335280.4 & 346143.9 & 341069.9 & 345360.9 & 330648.3 & 313685.4 & 326677.5 &      0.0 & 300672.3 & 306406.7 & 328384.0 & 317824.0 & 324077.2 & 300108.0\\\\\n",
       "\tss3\\_3 & 284554.6 & 291934.5 & 280972.0 & 274036.3 & 315988.8 & 305665.1 & 284236.7 & 279921.4 & 295962.1 & 255231.0 & 241072.4 & 300672.3 &      0.0 & 238988.6 & 251167.6 & 238332.2 & 262145.0 & 253721.5\\\\\n",
       "\tss3\\_14 & 281305.3 & 287946.6 & 277302.7 & 268751.4 & 313767.2 & 303050.4 & 279628.7 & 274370.7 & 294657.6 & 253726.0 & 240035.5 & 306406.7 & 238988.6 &      0.0 & 244038.7 & 235816.2 & 258085.7 & 257354.3\\\\\n",
       "\tss3\\_15 & 273985.4 & 285750.2 & 270960.4 & 256317.1 & 321554.2 & 296746.5 & 277165.4 & 257816.0 & 302097.9 & 268911.5 & 237976.3 & 328384.0 & 251167.6 & 244038.7 &      0.0 & 246521.3 & 253941.4 & 276798.6\\\\\n",
       "\tss3\\_16 & 284208.5 & 292011.5 & 281246.4 & 272144.4 & 317127.8 & 308046.6 & 285466.0 & 277769.7 & 297720.5 & 256477.3 & 237509.6 & 317824.0 & 238332.2 & 235816.2 & 246521.3 &      0.0 & 258804.6 & 267488.5\\\\\n",
       "\tss3\\_20 & 285476.9 & 290794.1 & 283754.6 & 273361.0 & 317475.6 & 304834.4 & 287941.8 & 274299.4 & 300676.0 & 273957.8 & 258380.9 & 324077.2 & 262145.0 & 258085.7 & 253941.4 & 258804.6 &      0.0 & 280486.1\\\\\n",
       "\tss5\\_18 & 297048.1 & 299482.5 & 297864.8 & 290238.7 & 315139.7 & 313945.2 & 299663.9 & 294286.7 & 304098.3 & 278320.1 & 271803.4 & 300108.0 & 253721.5 & 257354.3 & 276798.6 & 267488.5 & 280486.1 &      0.0\\\\\n",
       "\\end{tabular}\n"
      ],
      "text/markdown": [
       "\n",
       "A matrix: 18 × 18 of type dbl\n",
       "\n",
       "| <!--/--> | hc1_2 | hc1_4 | hc2_15 | hc2_17 | hc3_1 | hc3_5 | hc3_7 | hc3_10 | hc3_11 | ss2_9 | ss2_14 | ss2_18 | ss3_3 | ss3_14 | ss3_15 | ss3_16 | ss3_20 | ss5_18 |\n",
       "|---|---|---|---|---|---|---|---|---|---|---|---|---|---|---|---|---|---|---|\n",
       "| hc1_2 |      0.0 | 298303.0 | 290189.5 | 281520.7 | 323694.5 | 288274.1 | 298537.4 | 276634.8 | 311367.0 | 297793.0 | 280529.9 | 334528.1 | 284554.6 | 281305.3 | 273985.4 | 284208.5 | 285476.9 | 297048.1 |\n",
       "| hc1_4 | 298303.0 |      0.0 | 288401.4 | 272689.0 | 314054.6 | 308425.8 | 290930.3 | 292157.4 | 313295.9 | 306377.3 | 291403.7 | 334752.1 | 291934.5 | 287946.6 | 285750.2 | 292011.5 | 290794.1 | 299482.5 |\n",
       "| hc2_15 | 290189.5 | 288401.4 |      0.0 | 267996.3 | 312934.8 | 306314.1 | 276217.9 | 283512.3 | 309629.3 | 296792.4 | 273417.4 | 339043.0 | 280972.0 | 277302.7 | 270960.4 | 281246.4 | 283754.6 | 297864.8 |\n",
       "| hc2_17 | 281520.7 | 272689.0 | 267996.3 |      0.0 | 314787.3 | 299622.6 | 275369.7 | 267637.3 | 306306.9 | 287060.1 | 263776.1 | 339119.1 | 274036.3 | 268751.4 | 256317.1 | 272144.4 | 273361.0 | 290238.7 |\n",
       "| hc3_1 | 323694.5 | 314054.6 | 312934.8 | 314787.3 |      0.0 | 334641.8 | 299112.8 | 325937.0 | 324463.8 | 321179.5 | 320997.4 | 335280.4 | 315988.8 | 313767.2 | 321554.2 | 317127.8 | 317475.6 | 315139.7 |\n",
       "| hc3_5 | 288274.1 | 308425.8 | 306314.1 | 299622.6 | 334641.8 |      0.0 | 315610.7 | 288781.8 | 325942.9 | 316722.4 | 306762.5 | 346143.9 | 305665.1 | 303050.4 | 296746.5 | 308046.6 | 304834.4 | 313945.2 |\n",
       "| hc3_7 | 298537.4 | 290930.3 | 276217.9 | 275369.7 | 299112.8 | 315610.7 |      0.0 | 292111.6 | 315363.0 | 297745.1 | 282259.6 | 341069.9 | 284236.7 | 279628.7 | 277165.4 | 285466.0 | 287941.8 | 299663.9 |\n",
       "| hc3_10 | 276634.8 | 292157.4 | 283512.3 | 267637.3 | 325937.0 | 288781.8 | 292111.6 |      0.0 | 317230.3 | 297372.5 | 267563.6 | 345360.9 | 279921.4 | 274370.7 | 257816.0 | 277769.7 | 274299.4 | 294286.7 |\n",
       "| hc3_11 | 311367.0 | 313295.9 | 309629.3 | 306306.9 | 324463.8 | 325942.9 | 315363.0 | 317230.3 |      0.0 | 306749.7 | 303226.0 | 330648.3 | 295962.1 | 294657.6 | 302097.9 | 297720.5 | 300676.0 | 304098.3 |\n",
       "| ss2_9 | 297793.0 | 306377.3 | 296792.4 | 287060.1 | 321179.5 | 316722.4 | 297745.1 | 297372.5 | 306749.7 |      0.0 | 253556.8 | 313685.4 | 255231.0 | 253726.0 | 268911.5 | 256477.3 | 273957.8 | 278320.1 |\n",
       "| ss2_14 | 280529.9 | 291403.7 | 273417.4 | 263776.1 | 320997.4 | 306762.5 | 282259.6 | 267563.6 | 303226.0 | 253556.8 |      0.0 | 326677.5 | 241072.4 | 240035.5 | 237976.3 | 237509.6 | 258380.9 | 271803.4 |\n",
       "| ss2_18 | 334528.1 | 334752.1 | 339043.0 | 339119.1 | 335280.4 | 346143.9 | 341069.9 | 345360.9 | 330648.3 | 313685.4 | 326677.5 |      0.0 | 300672.3 | 306406.7 | 328384.0 | 317824.0 | 324077.2 | 300108.0 |\n",
       "| ss3_3 | 284554.6 | 291934.5 | 280972.0 | 274036.3 | 315988.8 | 305665.1 | 284236.7 | 279921.4 | 295962.1 | 255231.0 | 241072.4 | 300672.3 |      0.0 | 238988.6 | 251167.6 | 238332.2 | 262145.0 | 253721.5 |\n",
       "| ss3_14 | 281305.3 | 287946.6 | 277302.7 | 268751.4 | 313767.2 | 303050.4 | 279628.7 | 274370.7 | 294657.6 | 253726.0 | 240035.5 | 306406.7 | 238988.6 |      0.0 | 244038.7 | 235816.2 | 258085.7 | 257354.3 |\n",
       "| ss3_15 | 273985.4 | 285750.2 | 270960.4 | 256317.1 | 321554.2 | 296746.5 | 277165.4 | 257816.0 | 302097.9 | 268911.5 | 237976.3 | 328384.0 | 251167.6 | 244038.7 |      0.0 | 246521.3 | 253941.4 | 276798.6 |\n",
       "| ss3_16 | 284208.5 | 292011.5 | 281246.4 | 272144.4 | 317127.8 | 308046.6 | 285466.0 | 277769.7 | 297720.5 | 256477.3 | 237509.6 | 317824.0 | 238332.2 | 235816.2 | 246521.3 |      0.0 | 258804.6 | 267488.5 |\n",
       "| ss3_20 | 285476.9 | 290794.1 | 283754.6 | 273361.0 | 317475.6 | 304834.4 | 287941.8 | 274299.4 | 300676.0 | 273957.8 | 258380.9 | 324077.2 | 262145.0 | 258085.7 | 253941.4 | 258804.6 |      0.0 | 280486.1 |\n",
       "| ss5_18 | 297048.1 | 299482.5 | 297864.8 | 290238.7 | 315139.7 | 313945.2 | 299663.9 | 294286.7 | 304098.3 | 278320.1 | 271803.4 | 300108.0 | 253721.5 | 257354.3 | 276798.6 | 267488.5 | 280486.1 |      0.0 |\n",
       "\n"
      ],
      "text/plain": [
       "       hc1_2    hc1_4    hc2_15   hc2_17   hc3_1    hc3_5    hc3_7    hc3_10  \n",
       "hc1_2       0.0 298303.0 290189.5 281520.7 323694.5 288274.1 298537.4 276634.8\n",
       "hc1_4  298303.0      0.0 288401.4 272689.0 314054.6 308425.8 290930.3 292157.4\n",
       "hc2_15 290189.5 288401.4      0.0 267996.3 312934.8 306314.1 276217.9 283512.3\n",
       "hc2_17 281520.7 272689.0 267996.3      0.0 314787.3 299622.6 275369.7 267637.3\n",
       "hc3_1  323694.5 314054.6 312934.8 314787.3      0.0 334641.8 299112.8 325937.0\n",
       "hc3_5  288274.1 308425.8 306314.1 299622.6 334641.8      0.0 315610.7 288781.8\n",
       "hc3_7  298537.4 290930.3 276217.9 275369.7 299112.8 315610.7      0.0 292111.6\n",
       "hc3_10 276634.8 292157.4 283512.3 267637.3 325937.0 288781.8 292111.6      0.0\n",
       "hc3_11 311367.0 313295.9 309629.3 306306.9 324463.8 325942.9 315363.0 317230.3\n",
       "ss2_9  297793.0 306377.3 296792.4 287060.1 321179.5 316722.4 297745.1 297372.5\n",
       "ss2_14 280529.9 291403.7 273417.4 263776.1 320997.4 306762.5 282259.6 267563.6\n",
       "ss2_18 334528.1 334752.1 339043.0 339119.1 335280.4 346143.9 341069.9 345360.9\n",
       "ss3_3  284554.6 291934.5 280972.0 274036.3 315988.8 305665.1 284236.7 279921.4\n",
       "ss3_14 281305.3 287946.6 277302.7 268751.4 313767.2 303050.4 279628.7 274370.7\n",
       "ss3_15 273985.4 285750.2 270960.4 256317.1 321554.2 296746.5 277165.4 257816.0\n",
       "ss3_16 284208.5 292011.5 281246.4 272144.4 317127.8 308046.6 285466.0 277769.7\n",
       "ss3_20 285476.9 290794.1 283754.6 273361.0 317475.6 304834.4 287941.8 274299.4\n",
       "ss5_18 297048.1 299482.5 297864.8 290238.7 315139.7 313945.2 299663.9 294286.7\n",
       "       hc3_11   ss2_9    ss2_14   ss2_18   ss3_3    ss3_14   ss3_15   ss3_16  \n",
       "hc1_2  311367.0 297793.0 280529.9 334528.1 284554.6 281305.3 273985.4 284208.5\n",
       "hc1_4  313295.9 306377.3 291403.7 334752.1 291934.5 287946.6 285750.2 292011.5\n",
       "hc2_15 309629.3 296792.4 273417.4 339043.0 280972.0 277302.7 270960.4 281246.4\n",
       "hc2_17 306306.9 287060.1 263776.1 339119.1 274036.3 268751.4 256317.1 272144.4\n",
       "hc3_1  324463.8 321179.5 320997.4 335280.4 315988.8 313767.2 321554.2 317127.8\n",
       "hc3_5  325942.9 316722.4 306762.5 346143.9 305665.1 303050.4 296746.5 308046.6\n",
       "hc3_7  315363.0 297745.1 282259.6 341069.9 284236.7 279628.7 277165.4 285466.0\n",
       "hc3_10 317230.3 297372.5 267563.6 345360.9 279921.4 274370.7 257816.0 277769.7\n",
       "hc3_11      0.0 306749.7 303226.0 330648.3 295962.1 294657.6 302097.9 297720.5\n",
       "ss2_9  306749.7      0.0 253556.8 313685.4 255231.0 253726.0 268911.5 256477.3\n",
       "ss2_14 303226.0 253556.8      0.0 326677.5 241072.4 240035.5 237976.3 237509.6\n",
       "ss2_18 330648.3 313685.4 326677.5      0.0 300672.3 306406.7 328384.0 317824.0\n",
       "ss3_3  295962.1 255231.0 241072.4 300672.3      0.0 238988.6 251167.6 238332.2\n",
       "ss3_14 294657.6 253726.0 240035.5 306406.7 238988.6      0.0 244038.7 235816.2\n",
       "ss3_15 302097.9 268911.5 237976.3 328384.0 251167.6 244038.7      0.0 246521.3\n",
       "ss3_16 297720.5 256477.3 237509.6 317824.0 238332.2 235816.2 246521.3      0.0\n",
       "ss3_20 300676.0 273957.8 258380.9 324077.2 262145.0 258085.7 253941.4 258804.6\n",
       "ss5_18 304098.3 278320.1 271803.4 300108.0 253721.5 257354.3 276798.6 267488.5\n",
       "       ss3_20   ss5_18  \n",
       "hc1_2  285476.9 297048.1\n",
       "hc1_4  290794.1 299482.5\n",
       "hc2_15 283754.6 297864.8\n",
       "hc2_17 273361.0 290238.7\n",
       "hc3_1  317475.6 315139.7\n",
       "hc3_5  304834.4 313945.2\n",
       "hc3_7  287941.8 299663.9\n",
       "hc3_10 274299.4 294286.7\n",
       "hc3_11 300676.0 304098.3\n",
       "ss2_9  273957.8 278320.1\n",
       "ss2_14 258380.9 271803.4\n",
       "ss2_18 324077.2 300108.0\n",
       "ss3_3  262145.0 253721.5\n",
       "ss3_14 258085.7 257354.3\n",
       "ss3_15 253941.4 276798.6\n",
       "ss3_16 258804.6 267488.5\n",
       "ss3_20      0.0 280486.1\n",
       "ss5_18 280486.1      0.0"
      ]
     },
     "metadata": {},
     "output_type": "display_data"
    }
   ],
   "source": [
    "#read in epigenetic Manhattan distance, 10 coverage \n",
    "library(spaa)\n",
    "ep10 <-read.csv(\"../analyses/methylation-filtered/dist.manhat.csv\",header = T)\n",
    "ep10 <- ep10[,c(\"SampNum.row\",\"SampNum.col\",\"dist.manh\")]\n",
    "ep10 <- as.matrix(list2dist(ep10))\n",
    "mbdorder = c(\"hc1_2\",\"hc1_4\",\"hc2_15\",\"hc2_17\",\"hc3_1\",\"hc3_5\",\"hc3_7\",\"hc3_10\",\"hc3_11\",\n",
    "        \"ss2_9\",\"ss2_14\",\"ss2_18\",\"ss3_3\",\"ss3_14\",\"ss3_15\",\"ss3_16\",\"ss3_20\",\"ss5_18\")\n",
    "ep10 <- ep10[mbdorder, mbdorder]\n",
    "ep10\n",
    "Dep10 <- as.dist(ep10)"
   ]
  },
  {
   "cell_type": "code",
   "execution_count": 19,
   "metadata": {},
   "outputs": [
    {
     "data": {
      "text/plain": [
       "           hc1_2     hc1_4    hc2_15    hc2_17     hc3_1     hc3_5     hc3_7\n",
       "hc1_4  10545.532                                                            \n",
       "hc2_15 10351.204  9064.440                                                  \n",
       "hc2_17  9385.573  7984.184  8032.958                                        \n",
       "hc3_1  10610.214  8727.395  9008.169  9827.633                              \n",
       "hc3_5   6363.300  8905.577  9760.334  8017.600  8808.350                    \n",
       "hc3_7  10611.443  8699.207  7750.867  8785.571  6567.108  9189.478          \n",
       "hc3_10  8551.481 10736.499 10319.292  9408.603 10436.642  7834.229 10443.443\n",
       "hc3_11  9068.337 10026.701 11194.320 10454.902 10554.475  9119.644 10804.160\n",
       "ss2_9  14788.300 17346.810 16995.519 16400.962 16222.809 15202.564 17348.604\n",
       "ss2_14 14887.002 16626.609 16120.010 16108.636 16014.164 15975.183 16705.442\n",
       "ss2_18 13635.256 15169.867 15450.882 15381.091 13934.951 13292.572 14868.123\n",
       "ss3_3  14606.952 16480.535 16418.206 15743.180 15248.147 15959.683 16044.562\n",
       "ss3_14 14484.494 16347.990 16417.512 15586.173 14915.306 15121.119 16375.903\n",
       "ss3_15 11693.997 14253.680 13740.327 13138.397 12793.947 11756.756 13350.965\n",
       "ss3_16 14072.044 15345.568 15822.143 14668.390 14521.674 15334.174 16117.654\n",
       "ss3_20 11702.183 13291.645 13357.002 12158.790 12503.211 12440.562 13837.969\n",
       "ss5_18 13190.286 15195.551 15649.929 14422.239 13721.460 14534.806 15293.315\n",
       "          hc3_10    hc3_11     ss2_9    ss2_14    ss2_18     ss3_3    ss3_14\n",
       "hc1_4                                                                       \n",
       "hc2_15                                                                      \n",
       "hc2_17                                                                      \n",
       "hc3_1                                                                       \n",
       "hc3_5                                                                       \n",
       "hc3_7                                                                       \n",
       "hc3_10                                                                      \n",
       "hc3_11 10148.679                                                            \n",
       "ss2_9  15486.501 15102.614                                                  \n",
       "ss2_14 14988.730 14709.279  9317.558                                        \n",
       "ss2_18 13497.210 13012.517  8747.628 10653.366                              \n",
       "ss3_3  15209.257 14188.195  8413.878  9278.006  7351.714                    \n",
       "ss3_14 14489.565 14113.226  9119.600  9505.802  8692.706  8503.102          \n",
       "ss3_15 12354.985 11779.373 10149.293 10936.765 10026.944  9899.829 10568.719\n",
       "ss3_16 14441.498 13574.423  8682.160  8530.524 10471.814  8283.191  9230.876\n",
       "ss3_20 11705.987 12187.148 11387.520 11322.262 11078.749 11215.385 11030.208\n",
       "ss5_18 14281.504 13623.710  8899.327 10281.724  7483.073  6997.712  8055.097\n",
       "          ss3_15    ss3_16    ss3_20\n",
       "hc1_4                               \n",
       "hc2_15                              \n",
       "hc2_17                              \n",
       "hc3_1                               \n",
       "hc3_5                               \n",
       "hc3_7                               \n",
       "hc3_10                              \n",
       "hc3_11                              \n",
       "ss2_9                               \n",
       "ss2_14                              \n",
       "ss2_18                              \n",
       "ss3_3                               \n",
       "ss3_14                              \n",
       "ss3_15                              \n",
       "ss3_16 10193.024                    \n",
       "ss3_20 10433.139 10436.720          \n",
       "ss5_18  9796.022  8725.894 10959.480"
      ]
     },
     "metadata": {},
     "output_type": "display_data"
    }
   ],
   "source": [
    "Dep10"
   ]
  },
  {
   "cell_type": "code",
   "execution_count": 11,
   "metadata": {
    "kernel": "R"
   },
   "outputs": [
    {
     "data": {
      "text/html": [
       "<table>\n",
       "<caption>A data.frame: 18 × 18</caption>\n",
       "<thead>\n",
       "\t<tr><th></th><th scope=col>hc1_2</th><th scope=col>hc1_4</th><th scope=col>hc2_15</th><th scope=col>hc2_17</th><th scope=col>hc3_1</th><th scope=col>hc3_5</th><th scope=col>hc3_7</th><th scope=col>hc3_10</th><th scope=col>hc3_11</th><th scope=col>ss2_9</th><th scope=col>ss2_14</th><th scope=col>ss2_18</th><th scope=col>ss3_3</th><th scope=col>ss3_14</th><th scope=col>ss3_15</th><th scope=col>ss3_16</th><th scope=col>ss3_20</th><th scope=col>ss5_18</th></tr>\n",
       "\t<tr><th></th><th scope=col>&lt;dbl&gt;</th><th scope=col>&lt;dbl&gt;</th><th scope=col>&lt;dbl&gt;</th><th scope=col>&lt;dbl&gt;</th><th scope=col>&lt;dbl&gt;</th><th scope=col>&lt;dbl&gt;</th><th scope=col>&lt;dbl&gt;</th><th scope=col>&lt;dbl&gt;</th><th scope=col>&lt;dbl&gt;</th><th scope=col>&lt;dbl&gt;</th><th scope=col>&lt;dbl&gt;</th><th scope=col>&lt;dbl&gt;</th><th scope=col>&lt;dbl&gt;</th><th scope=col>&lt;dbl&gt;</th><th scope=col>&lt;dbl&gt;</th><th scope=col>&lt;dbl&gt;</th><th scope=col>&lt;dbl&gt;</th><th scope=col>&lt;dbl&gt;</th></tr>\n",
       "</thead>\n",
       "<tbody>\n",
       "\t<tr><th scope=row>hc1_2</th><td>0.0000000</td><td>0.2155436</td><td>0.2054988</td><td>0.2245761</td><td>0.2140475</td><td>0.1251035</td><td>0.2137833</td><td>0.1941731</td><td>0.2196581</td><td>0.2191748</td><td>0.2201363</td><td>0.2251679</td><td>0.2293540</td><td>0.2303018</td><td>0.2273960</td><td>0.2267536</td><td>0.2241723</td><td>0.2393679</td></tr>\n",
       "\t<tr><th scope=row>hc1_4</th><td>0.2155436</td><td>0.0000000</td><td>0.1844240</td><td>0.1693271</td><td>0.1811331</td><td>0.2071129</td><td>0.1608409</td><td>0.2090009</td><td>0.2157563</td><td>0.2186305</td><td>0.2188330</td><td>0.2146309</td><td>0.2291905</td><td>0.2247412</td><td>0.2257357</td><td>0.2190871</td><td>0.2157204</td><td>0.2274161</td></tr>\n",
       "\t<tr><th scope=row>hc2_15</th><td>0.2054988</td><td>0.1844240</td><td>0.0000000</td><td>0.2041950</td><td>0.1854690</td><td>0.2021604</td><td>0.1823913</td><td>0.1592689</td><td>0.2168135</td><td>0.2041132</td><td>0.2085476</td><td>0.1910094</td><td>0.2042863</td><td>0.2045106</td><td>0.2061360</td><td>0.2040459</td><td>0.2013346</td><td>0.2098602</td></tr>\n",
       "\t<tr><th scope=row>hc2_17</th><td>0.2245761</td><td>0.1693271</td><td>0.2041950</td><td>0.0000000</td><td>0.1884048</td><td>0.2163634</td><td>0.1724402</td><td>0.2179260</td><td>0.2265039</td><td>0.2268210</td><td>0.2268209</td><td>0.2283067</td><td>0.2379735</td><td>0.2322090</td><td>0.2385235</td><td>0.2269364</td><td>0.2294361</td><td>0.2372695</td></tr>\n",
       "\t<tr><th scope=row>hc3_1</th><td>0.2140475</td><td>0.1811331</td><td>0.1854690</td><td>0.1884048</td><td>0.0000000</td><td>0.2084380</td><td>0.1141350</td><td>0.2070880</td><td>0.2092909</td><td>0.2195993</td><td>0.2160866</td><td>0.2155464</td><td>0.2254828</td><td>0.2196778</td><td>0.2258590</td><td>0.2205749</td><td>0.2200920</td><td>0.2156870</td></tr>\n",
       "\t<tr><th scope=row>hc3_5</th><td>0.1251035</td><td>0.2071129</td><td>0.2021604</td><td>0.2163634</td><td>0.2084380</td><td>0.0000000</td><td>0.2104185</td><td>0.1869989</td><td>0.2143060</td><td>0.2202222</td><td>0.2148287</td><td>0.2214425</td><td>0.2216537</td><td>0.2194587</td><td>0.2223524</td><td>0.2192765</td><td>0.2221298</td><td>0.2263948</td></tr>\n",
       "\t<tr><th scope=row>hc3_7</th><td>0.2137833</td><td>0.1608409</td><td>0.1823913</td><td>0.1724402</td><td>0.1141350</td><td>0.2104185</td><td>0.0000000</td><td>0.2098760</td><td>0.2154145</td><td>0.2211945</td><td>0.2233552</td><td>0.2236631</td><td>0.2265407</td><td>0.2248371</td><td>0.2269251</td><td>0.2224353</td><td>0.2260581</td><td>0.2286600</td></tr>\n",
       "\t<tr><th scope=row>hc3_10</th><td>0.1941731</td><td>0.2090009</td><td>0.1592689</td><td>0.2179260</td><td>0.2070880</td><td>0.1869989</td><td>0.2098760</td><td>0.0000000</td><td>0.2158190</td><td>0.2072541</td><td>0.2123815</td><td>0.2048036</td><td>0.2057382</td><td>0.2078799</td><td>0.1916720</td><td>0.2139469</td><td>0.2081097</td><td>0.2118349</td></tr>\n",
       "\t<tr><th scope=row>hc3_11</th><td>0.2196581</td><td>0.2157563</td><td>0.2168135</td><td>0.2265039</td><td>0.2092909</td><td>0.2143060</td><td>0.2154145</td><td>0.2158190</td><td>0.0000000</td><td>0.2204729</td><td>0.2206785</td><td>0.2201360</td><td>0.2362094</td><td>0.2252514</td><td>0.2307265</td><td>0.2282604</td><td>0.2200907</td><td>0.2270442</td></tr>\n",
       "\t<tr><th scope=row>ss2_9</th><td>0.2191748</td><td>0.2186305</td><td>0.2041132</td><td>0.2268210</td><td>0.2195993</td><td>0.2202222</td><td>0.2211945</td><td>0.2072541</td><td>0.2204729</td><td>0.0000000</td><td>0.1482022</td><td>0.1643140</td><td>0.1565610</td><td>0.1642693</td><td>0.2091080</td><td>0.1664055</td><td>0.2066793</td><td>0.1738464</td></tr>\n",
       "\t<tr><th scope=row>ss2_14</th><td>0.2201363</td><td>0.2188330</td><td>0.2085476</td><td>0.2268209</td><td>0.2160866</td><td>0.2148287</td><td>0.2233552</td><td>0.2123815</td><td>0.2206785</td><td>0.1482022</td><td>0.0000000</td><td>0.1741098</td><td>0.1484094</td><td>0.1731242</td><td>0.2053117</td><td>0.1555210</td><td>0.2028654</td><td>0.1736163</td></tr>\n",
       "\t<tr><th scope=row>ss2_18</th><td>0.2251679</td><td>0.2146309</td><td>0.1910094</td><td>0.2283067</td><td>0.2155464</td><td>0.2214425</td><td>0.2236631</td><td>0.2048036</td><td>0.2201360</td><td>0.1643140</td><td>0.1741098</td><td>0.0000000</td><td>0.1311476</td><td>0.1613894</td><td>0.2121693</td><td>0.1856383</td><td>0.1988239</td><td>0.1271048</td></tr>\n",
       "\t<tr><th scope=row>ss3_3</th><td>0.2293540</td><td>0.2291905</td><td>0.2042863</td><td>0.2379735</td><td>0.2254828</td><td>0.2216537</td><td>0.2265407</td><td>0.2057382</td><td>0.2362094</td><td>0.1565610</td><td>0.1484094</td><td>0.1311476</td><td>0.0000000</td><td>0.1692117</td><td>0.2093890</td><td>0.1462554</td><td>0.2056096</td><td>0.1244475</td></tr>\n",
       "\t<tr><th scope=row>ss3_14</th><td>0.2303018</td><td>0.2247412</td><td>0.2045106</td><td>0.2322090</td><td>0.2196778</td><td>0.2194587</td><td>0.2248371</td><td>0.2078799</td><td>0.2252514</td><td>0.1642693</td><td>0.1731242</td><td>0.1613894</td><td>0.1692117</td><td>0.0000000</td><td>0.2101518</td><td>0.1645175</td><td>0.2069574</td><td>0.1486115</td></tr>\n",
       "\t<tr><th scope=row>ss3_15</th><td>0.2273960</td><td>0.2257357</td><td>0.2061360</td><td>0.2385235</td><td>0.2258590</td><td>0.2223524</td><td>0.2269251</td><td>0.1916720</td><td>0.2307265</td><td>0.2091080</td><td>0.2053117</td><td>0.2121693</td><td>0.2093890</td><td>0.2101518</td><td>0.0000000</td><td>0.2127640</td><td>0.2091865</td><td>0.2141706</td></tr>\n",
       "\t<tr><th scope=row>ss3_16</th><td>0.2267536</td><td>0.2190871</td><td>0.2040459</td><td>0.2269364</td><td>0.2205749</td><td>0.2192765</td><td>0.2224353</td><td>0.2139469</td><td>0.2282604</td><td>0.1664055</td><td>0.1555210</td><td>0.1856383</td><td>0.1462554</td><td>0.1645175</td><td>0.2127640</td><td>0.0000000</td><td>0.2047189</td><td>0.1671745</td></tr>\n",
       "\t<tr><th scope=row>ss3_20</th><td>0.2241723</td><td>0.2157204</td><td>0.2013346</td><td>0.2294361</td><td>0.2200920</td><td>0.2221298</td><td>0.2260581</td><td>0.2081097</td><td>0.2200907</td><td>0.2066793</td><td>0.2028654</td><td>0.1988239</td><td>0.2056096</td><td>0.2069574</td><td>0.2091865</td><td>0.2047189</td><td>0.0000000</td><td>0.2039022</td></tr>\n",
       "\t<tr><th scope=row>ss5_18</th><td>0.2393679</td><td>0.2274161</td><td>0.2098602</td><td>0.2372695</td><td>0.2156870</td><td>0.2263948</td><td>0.2286600</td><td>0.2118349</td><td>0.2270442</td><td>0.1738464</td><td>0.1736163</td><td>0.1271048</td><td>0.1244475</td><td>0.1486115</td><td>0.2141706</td><td>0.1671745</td><td>0.2039022</td><td>0.0000000</td></tr>\n",
       "</tbody>\n",
       "</table>\n"
      ],
      "text/latex": [
       "A data.frame: 18 × 18\n",
       "\\begin{tabular}{r|llllllllllllllllll}\n",
       "  & hc1\\_2 & hc1\\_4 & hc2\\_15 & hc2\\_17 & hc3\\_1 & hc3\\_5 & hc3\\_7 & hc3\\_10 & hc3\\_11 & ss2\\_9 & ss2\\_14 & ss2\\_18 & ss3\\_3 & ss3\\_14 & ss3\\_15 & ss3\\_16 & ss3\\_20 & ss5\\_18\\\\\n",
       "  & <dbl> & <dbl> & <dbl> & <dbl> & <dbl> & <dbl> & <dbl> & <dbl> & <dbl> & <dbl> & <dbl> & <dbl> & <dbl> & <dbl> & <dbl> & <dbl> & <dbl> & <dbl>\\\\\n",
       "\\hline\n",
       "\thc1\\_2 & 0.0000000 & 0.2155436 & 0.2054988 & 0.2245761 & 0.2140475 & 0.1251035 & 0.2137833 & 0.1941731 & 0.2196581 & 0.2191748 & 0.2201363 & 0.2251679 & 0.2293540 & 0.2303018 & 0.2273960 & 0.2267536 & 0.2241723 & 0.2393679\\\\\n",
       "\thc1\\_4 & 0.2155436 & 0.0000000 & 0.1844240 & 0.1693271 & 0.1811331 & 0.2071129 & 0.1608409 & 0.2090009 & 0.2157563 & 0.2186305 & 0.2188330 & 0.2146309 & 0.2291905 & 0.2247412 & 0.2257357 & 0.2190871 & 0.2157204 & 0.2274161\\\\\n",
       "\thc2\\_15 & 0.2054988 & 0.1844240 & 0.0000000 & 0.2041950 & 0.1854690 & 0.2021604 & 0.1823913 & 0.1592689 & 0.2168135 & 0.2041132 & 0.2085476 & 0.1910094 & 0.2042863 & 0.2045106 & 0.2061360 & 0.2040459 & 0.2013346 & 0.2098602\\\\\n",
       "\thc2\\_17 & 0.2245761 & 0.1693271 & 0.2041950 & 0.0000000 & 0.1884048 & 0.2163634 & 0.1724402 & 0.2179260 & 0.2265039 & 0.2268210 & 0.2268209 & 0.2283067 & 0.2379735 & 0.2322090 & 0.2385235 & 0.2269364 & 0.2294361 & 0.2372695\\\\\n",
       "\thc3\\_1 & 0.2140475 & 0.1811331 & 0.1854690 & 0.1884048 & 0.0000000 & 0.2084380 & 0.1141350 & 0.2070880 & 0.2092909 & 0.2195993 & 0.2160866 & 0.2155464 & 0.2254828 & 0.2196778 & 0.2258590 & 0.2205749 & 0.2200920 & 0.2156870\\\\\n",
       "\thc3\\_5 & 0.1251035 & 0.2071129 & 0.2021604 & 0.2163634 & 0.2084380 & 0.0000000 & 0.2104185 & 0.1869989 & 0.2143060 & 0.2202222 & 0.2148287 & 0.2214425 & 0.2216537 & 0.2194587 & 0.2223524 & 0.2192765 & 0.2221298 & 0.2263948\\\\\n",
       "\thc3\\_7 & 0.2137833 & 0.1608409 & 0.1823913 & 0.1724402 & 0.1141350 & 0.2104185 & 0.0000000 & 0.2098760 & 0.2154145 & 0.2211945 & 0.2233552 & 0.2236631 & 0.2265407 & 0.2248371 & 0.2269251 & 0.2224353 & 0.2260581 & 0.2286600\\\\\n",
       "\thc3\\_10 & 0.1941731 & 0.2090009 & 0.1592689 & 0.2179260 & 0.2070880 & 0.1869989 & 0.2098760 & 0.0000000 & 0.2158190 & 0.2072541 & 0.2123815 & 0.2048036 & 0.2057382 & 0.2078799 & 0.1916720 & 0.2139469 & 0.2081097 & 0.2118349\\\\\n",
       "\thc3\\_11 & 0.2196581 & 0.2157563 & 0.2168135 & 0.2265039 & 0.2092909 & 0.2143060 & 0.2154145 & 0.2158190 & 0.0000000 & 0.2204729 & 0.2206785 & 0.2201360 & 0.2362094 & 0.2252514 & 0.2307265 & 0.2282604 & 0.2200907 & 0.2270442\\\\\n",
       "\tss2\\_9 & 0.2191748 & 0.2186305 & 0.2041132 & 0.2268210 & 0.2195993 & 0.2202222 & 0.2211945 & 0.2072541 & 0.2204729 & 0.0000000 & 0.1482022 & 0.1643140 & 0.1565610 & 0.1642693 & 0.2091080 & 0.1664055 & 0.2066793 & 0.1738464\\\\\n",
       "\tss2\\_14 & 0.2201363 & 0.2188330 & 0.2085476 & 0.2268209 & 0.2160866 & 0.2148287 & 0.2233552 & 0.2123815 & 0.2206785 & 0.1482022 & 0.0000000 & 0.1741098 & 0.1484094 & 0.1731242 & 0.2053117 & 0.1555210 & 0.2028654 & 0.1736163\\\\\n",
       "\tss2\\_18 & 0.2251679 & 0.2146309 & 0.1910094 & 0.2283067 & 0.2155464 & 0.2214425 & 0.2236631 & 0.2048036 & 0.2201360 & 0.1643140 & 0.1741098 & 0.0000000 & 0.1311476 & 0.1613894 & 0.2121693 & 0.1856383 & 0.1988239 & 0.1271048\\\\\n",
       "\tss3\\_3 & 0.2293540 & 0.2291905 & 0.2042863 & 0.2379735 & 0.2254828 & 0.2216537 & 0.2265407 & 0.2057382 & 0.2362094 & 0.1565610 & 0.1484094 & 0.1311476 & 0.0000000 & 0.1692117 & 0.2093890 & 0.1462554 & 0.2056096 & 0.1244475\\\\\n",
       "\tss3\\_14 & 0.2303018 & 0.2247412 & 0.2045106 & 0.2322090 & 0.2196778 & 0.2194587 & 0.2248371 & 0.2078799 & 0.2252514 & 0.1642693 & 0.1731242 & 0.1613894 & 0.1692117 & 0.0000000 & 0.2101518 & 0.1645175 & 0.2069574 & 0.1486115\\\\\n",
       "\tss3\\_15 & 0.2273960 & 0.2257357 & 0.2061360 & 0.2385235 & 0.2258590 & 0.2223524 & 0.2269251 & 0.1916720 & 0.2307265 & 0.2091080 & 0.2053117 & 0.2121693 & 0.2093890 & 0.2101518 & 0.0000000 & 0.2127640 & 0.2091865 & 0.2141706\\\\\n",
       "\tss3\\_16 & 0.2267536 & 0.2190871 & 0.2040459 & 0.2269364 & 0.2205749 & 0.2192765 & 0.2224353 & 0.2139469 & 0.2282604 & 0.1664055 & 0.1555210 & 0.1856383 & 0.1462554 & 0.1645175 & 0.2127640 & 0.0000000 & 0.2047189 & 0.1671745\\\\\n",
       "\tss3\\_20 & 0.2241723 & 0.2157204 & 0.2013346 & 0.2294361 & 0.2200920 & 0.2221298 & 0.2260581 & 0.2081097 & 0.2200907 & 0.2066793 & 0.2028654 & 0.1988239 & 0.2056096 & 0.2069574 & 0.2091865 & 0.2047189 & 0.0000000 & 0.2039022\\\\\n",
