{
 "cells": [
  {
   "cell_type": "markdown",
   "metadata": {},
   "source": [
    "# Notebook for integrating methylation and genetic data  \n",
    "5x filtering"
   ]
  },
  {
   "cell_type": "code",
   "execution_count": 26,
   "metadata": {},
   "outputs": [
    {
     "name": "stderr",
     "output_type": "stream",
     "text": [
      "\n",
      "Attaching package: ‘dplyr’\n",
      "\n",
      "\n",
      "The following objects are masked from ‘package:stats’:\n",
      "\n",
      "    filter, lag\n",
      "\n",
      "\n",
      "The following objects are masked from ‘package:base’:\n",
      "\n",
      "    intersect, setdiff, setequal, union\n",
      "\n",
      "\n"
     ]
    }
   ],
   "source": [
    "library(spaa) #for correlating distance matrices\n",
    "library(dplyr) #distinct function"
   ]
  },
  {
   "cell_type": "code",
   "execution_count": 1,
   "metadata": {
    "kernel": "SoS"
   },
   "outputs": [],
   "source": [
    "SUFFIX = '../analyses/2bRAD/Inputs/HCSS_Afilt32m70_01'\n",
    "POP = '../analyses/2bRAD/PopGen/HCSS_Afilt32m70_01'\n",
    "INPUT = '../analyses/2bRAD/Inputs/'"
   ]
  },
  {
   "cell_type": "code",
   "execution_count": 1,
   "metadata": {},
   "outputs": [],
   "source": [
    "#function to run bash commands cleanly\n",
    "js <- function(shell_command){\n",
    "    cat(system(shell_command, intern=TRUE), sep='\\n')}"
   ]
  },
  {
   "cell_type": "markdown",
   "metadata": {
    "kernel": "SoS"
   },
   "source": [
    "# Correlate genetic and epigenetic distances"
   ]
  },
  {
   "cell_type": "markdown",
   "metadata": {
    "kernel": "bash"
   },
   "source": [
    "### For all filtered MBD sites"
   ]
  },
  {
   "cell_type": "code",
   "execution_count": 3,
   "metadata": {
    "kernel": "Bash"
   },
   "outputs": [
    {
     "name": "stdout",
     "output_type": "stream",
     "text": [
      "\"SeqNum.row\",\"SeqNum.col\",\"dist.manh\",\"SampNum.row\",\"SampNum.col\"\n",
      "1,1,0,\"hc1_2\",\"hc1_2\"\n",
      "1,15,2627987.64277046,\"ss3_15\",\"hc1_2\"\n",
      "1,3,2759915.80320949,\"hc2_15\",\"hc1_2\"\n",
      "1,17,2729476.30606038,\"ss3_20\",\"hc1_2\"\n",
      "1,4,2673543.05735453,\"hc2_17\",\"hc1_2\"\n",
      "1,2,2833290.83588266,\"hc1_4\",\"hc1_2\"\n",
      "1,7,2757435.40167295,\"hc3_7\",\"hc1_2\"\n",
      "1,16,2684751.21460783,\"ss3_16\",\"hc1_2\"\n",
      "1,14,2633055.70898392,\"ss3_14\",\"hc1_2\"\n"
     ]
    }
   ],
   "source": [
    "js(\"head ../analyses/methylation-filtered/dist.manhat.csv\")"
   ]
  },
  {
   "cell_type": "code",
   "execution_count": 9,
   "metadata": {
    "kernel": "R"
   },
   "outputs": [
    {
     "data": {
      "text/html": [
       "<table class=\"dataframe\">\n",
       "<caption>A matrix: 18 x 18 of type dbl</caption>\n",
       "<thead>\n",
       "\t<tr><th></th><th scope=col>hc1_2</th><th scope=col>hc1_4</th><th scope=col>hc2_15</th><th scope=col>hc2_17</th><th scope=col>hc3_1</th><th scope=col>hc3_5</th><th scope=col>hc3_7</th><th scope=col>hc3_10</th><th scope=col>hc3_11</th><th scope=col>ss2_9</th><th scope=col>ss2_14</th><th scope=col>ss2_18</th><th scope=col>ss3_3</th><th scope=col>ss3_14</th><th scope=col>ss3_15</th><th scope=col>ss3_16</th><th scope=col>ss3_20</th><th scope=col>ss5_18</th></tr>\n",
       "</thead>\n",
       "<tbody>\n",
       "\t<tr><th scope=row>hc1_2</th><td>      0</td><td>2833291</td><td>2759916</td><td>2673543</td><td>3086492</td><td>2747278</td><td>2757435</td><td>2596022</td><td>2886681</td><td>2864741</td><td>2816730</td><td>3174977</td><td>2673996</td><td>2633056</td><td>2627988</td><td>2684751</td><td>2729476</td><td>2805908</td></tr>\n",
       "\t<tr><th scope=row>hc1_4</th><td>2833291</td><td>      0</td><td>2752457</td><td>2607724</td><td>3034234</td><td>2984429</td><td>2714547</td><td>2749810</td><td>2935785</td><td>2941081</td><td>2921644</td><td>3186792</td><td>2748865</td><td>2722953</td><td>2725073</td><td>2774236</td><td>2794243</td><td>2838277</td></tr>\n",
       "\t<tr><th scope=row>hc2_15</th><td>2759916</td><td>2752457</td><td>      0</td><td>2553404</td><td>3004363</td><td>2952151</td><td>2599571</td><td>2689695</td><td>2898743</td><td>2865744</td><td>2806041</td><td>3206072</td><td>2675564</td><td>2630509</td><td>2625498</td><td>2683810</td><td>2742176</td><td>2802118</td></tr>\n",
       "\t<tr><th scope=row>hc2_17</th><td>2673543</td><td>2607724</td><td>2553404</td><td>      0</td><td>2992638</td><td>2838985</td><td>2565697</td><td>2523146</td><td>2854242</td><td>2765300</td><td>2684976</td><td>3174111</td><td>2578505</td><td>2532236</td><td>2455074</td><td>2586647</td><td>2595118</td><td>2717203</td></tr>\n",
       "\t<tr><th scope=row>hc3_1</th><td>3086492</td><td>3034234</td><td>3004363</td><td>2992638</td><td>      0</td><td>3199622</td><td>2832592</td><td>3074458</td><td>3098225</td><td>3179056</td><td>3217016</td><td>3272867</td><td>3016188</td><td>2990982</td><td>3038705</td><td>3050749</td><td>3075162</td><td>3050227</td></tr>\n",
       "\t<tr><th scope=row>hc3_5</th><td>2747278</td><td>2984429</td><td>2952151</td><td>2838985</td><td>3199622</td><td>      0</td><td>2969627</td><td>2732917</td><td>3070521</td><td>3065595</td><td>3014492</td><td>3298669</td><td>2906879</td><td>2875409</td><td>2833640</td><td>2917771</td><td>2910262</td><td>2972994</td></tr>\n",
       "\t<tr><th scope=row>hc3_7</th><td>2757435</td><td>2714547</td><td>2599571</td><td>2565697</td><td>2832592</td><td>2969627</td><td>      0</td><td>2713179</td><td>2867592</td><td>2850234</td><td>2829048</td><td>3169766</td><td>2644625</td><td>2611975</td><td>2626724</td><td>2666984</td><td>2743122</td><td>2787017</td></tr>\n",
       "\t<tr><th scope=row>hc3_10</th><td>2596022</td><td>2749810</td><td>2689695</td><td>2523146</td><td>3074458</td><td>2732917</td><td>2713179</td><td>      0</td><td>2908119</td><td>2815371</td><td>2693052</td><td>3197533</td><td>2629587</td><td>2572926</td><td>2471854</td><td>2611991</td><td>2611915</td><td>2759254</td></tr>\n",
       "\t<tr><th scope=row>hc3_11</th><td>2886681</td><td>2935785</td><td>2898743</td><td>2854242</td><td>3098225</td><td>3070521</td><td>2867592</td><td>2908119</td><td>      0</td><td>2937149</td><td>3018080</td><td>3135082</td><td>2755049</td><td>2732252</td><td>2822339</td><td>2790160</td><td>2853524</td><td>2831075</td></tr>\n",
       "\t<tr><th scope=row>ss2_9</th><td>2864741</td><td>2941081</td><td>2865744</td><td>2765300</td><td>3179056</td><td>3065595</td><td>2850234</td><td>2815371</td><td>2937149</td><td>      0</td><td>2631597</td><td>3058748</td><td>2498396</td><td>2494164</td><td>2613992</td><td>2525104</td><td>2682758</td><td>2702466</td></tr>\n",
       "\t<tr><th scope=row>ss2_14</th><td>2816730</td><td>2921644</td><td>2806041</td><td>2684976</td><td>3217016</td><td>3014492</td><td>2829048</td><td>2693052</td><td>3018080</td><td>2631597</td><td>      0</td><td>3211835</td><td>2488742</td><td>2486496</td><td>2471957</td><td>2456093</td><td>2637131</td><td>2757089</td></tr>\n",
       "\t<tr><th scope=row>ss2_18</th><td>3174977</td><td>3186792</td><td>3206072</td><td>3174111</td><td>3272867</td><td>3298669</td><td>3169766</td><td>3197533</td><td>3135082</td><td>3058748</td><td>3211835</td><td>      0</td><td>2828320</td><td>2874923</td><td>3101936</td><td>2988620</td><td>3086742</td><td>2826010</td></tr>\n",
       "\t<tr><th scope=row>ss3_3</th><td>2673996</td><td>2748865</td><td>2675564</td><td>2578505</td><td>3016188</td><td>2906879</td><td>2644625</td><td>2629587</td><td>2755049</td><td>2498396</td><td>2488742</td><td>2828320</td><td>      0</td><td>2244069</td><td>2395720</td><td>2285880</td><td>2509225</td><td>2374360</td></tr>\n",
       "\t<tr><th scope=row>ss3_14</th><td>2633056</td><td>2722953</td><td>2630509</td><td>2532236</td><td>2990982</td><td>2875409</td><td>2611975</td><td>2572926</td><td>2732252</td><td>2494164</td><td>2486496</td><td>2874923</td><td>2244069</td><td>      0</td><td>2331956</td><td>2237257</td><td>2475793</td><td>2415717</td></tr>\n",
       "\t<tr><th scope=row>ss3_15</th><td>2627988</td><td>2725073</td><td>2625498</td><td>2455074</td><td>3038705</td><td>2833640</td><td>2626724</td><td>2471854</td><td>2822339</td><td>2613992</td><td>2471957</td><td>3101936</td><td>2395720</td><td>2331956</td><td>      0</td><td>2360985</td><td>2441239</td><td>2602130</td></tr>\n",
       "\t<tr><th scope=row>ss3_16</th><td>2684751</td><td>2774236</td><td>2683810</td><td>2586647</td><td>3050749</td><td>2917771</td><td>2666984</td><td>2611991</td><td>2790160</td><td>2525104</td><td>2456093</td><td>2988620</td><td>2285880</td><td>2237257</td><td>2360985</td><td>      0</td><td>2508080</td><td>2520673</td></tr>\n",
       "\t<tr><th scope=row>ss3_20</th><td>2729476</td><td>2794243</td><td>2742176</td><td>2595118</td><td>3075162</td><td>2910262</td><td>2743122</td><td>2611915</td><td>2853524</td><td>2682758</td><td>2637131</td><td>3086742</td><td>2509225</td><td>2475793</td><td>2441239</td><td>2508080</td><td>      0</td><td>2657703</td></tr>\n",
       "\t<tr><th scope=row>ss5_18</th><td>2805908</td><td>2838277</td><td>2802118</td><td>2717203</td><td>3050227</td><td>2972994</td><td>2787017</td><td>2759254</td><td>2831075</td><td>2702466</td><td>2757089</td><td>2826010</td><td>2374360</td><td>2415717</td><td>2602130</td><td>2520673</td><td>2657703</td><td>      0</td></tr>\n",
       "</tbody>\n",
       "</table>\n"
      ],
      "text/latex": [
       "A matrix: 18 x 18 of type dbl\n",
       "\\begin{tabular}{r|llllllllllllllllll}\n",
       "  & hc1\\_2 & hc1\\_4 & hc2\\_15 & hc2\\_17 & hc3\\_1 & hc3\\_5 & hc3\\_7 & hc3\\_10 & hc3\\_11 & ss2\\_9 & ss2\\_14 & ss2\\_18 & ss3\\_3 & ss3\\_14 & ss3\\_15 & ss3\\_16 & ss3\\_20 & ss5\\_18\\\\\n",
       "\\hline\n",
       "\thc1\\_2 &       0 & 2833291 & 2759916 & 2673543 & 3086492 & 2747278 & 2757435 & 2596022 & 2886681 & 2864741 & 2816730 & 3174977 & 2673996 & 2633056 & 2627988 & 2684751 & 2729476 & 2805908\\\\\n",
       "\thc1\\_4 & 2833291 &       0 & 2752457 & 2607724 & 3034234 & 2984429 & 2714547 & 2749810 & 2935785 & 2941081 & 2921644 & 3186792 & 2748865 & 2722953 & 2725073 & 2774236 & 2794243 & 2838277\\\\\n",
       "\thc2\\_15 & 2759916 & 2752457 &       0 & 2553404 & 3004363 & 2952151 & 2599571 & 2689695 & 2898743 & 2865744 & 2806041 & 3206072 & 2675564 & 2630509 & 2625498 & 2683810 & 2742176 & 2802118\\\\\n",
       "\thc2\\_17 & 2673543 & 2607724 & 2553404 &       0 & 2992638 & 2838985 & 2565697 & 2523146 & 2854242 & 2765300 & 2684976 & 3174111 & 2578505 & 2532236 & 2455074 & 2586647 & 2595118 & 2717203\\\\\n",
       "\thc3\\_1 & 3086492 & 3034234 & 3004363 & 2992638 &       0 & 3199622 & 2832592 & 3074458 & 3098225 & 3179056 & 3217016 & 3272867 & 3016188 & 2990982 & 3038705 & 3050749 & 3075162 & 3050227\\\\\n",
       "\thc3\\_5 & 2747278 & 2984429 & 2952151 & 2838985 & 3199622 &       0 & 2969627 & 2732917 & 3070521 & 3065595 & 3014492 & 3298669 & 2906879 & 2875409 & 2833640 & 2917771 & 2910262 & 2972994\\\\\n",
       "\thc3\\_7 & 2757435 & 2714547 & 2599571 & 2565697 & 2832592 & 2969627 &       0 & 2713179 & 2867592 & 2850234 & 2829048 & 3169766 & 2644625 & 2611975 & 2626724 & 2666984 & 2743122 & 2787017\\\\\n",
       "\thc3\\_10 & 2596022 & 2749810 & 2689695 & 2523146 & 3074458 & 2732917 & 2713179 &       0 & 2908119 & 2815371 & 2693052 & 3197533 & 2629587 & 2572926 & 2471854 & 2611991 & 2611915 & 2759254\\\\\n",
       "\thc3\\_11 & 2886681 & 2935785 & 2898743 & 2854242 & 3098225 & 3070521 & 2867592 & 2908119 &       0 & 2937149 & 3018080 & 3135082 & 2755049 & 2732252 & 2822339 & 2790160 & 2853524 & 2831075\\\\\n",
       "\tss2\\_9 & 2864741 & 2941081 & 2865744 & 2765300 & 3179056 & 3065595 & 2850234 & 2815371 & 2937149 &       0 & 2631597 & 3058748 & 2498396 & 2494164 & 2613992 & 2525104 & 2682758 & 2702466\\\\\n",
       "\tss2\\_14 & 2816730 & 2921644 & 2806041 & 2684976 & 3217016 & 3014492 & 2829048 & 2693052 & 3018080 & 2631597 &       0 & 3211835 & 2488742 & 2486496 & 2471957 & 2456093 & 2637131 & 2757089\\\\\n",
       "\tss2\\_18 & 3174977 & 3186792 & 3206072 & 3174111 & 3272867 & 3298669 & 3169766 & 3197533 & 3135082 & 3058748 & 3211835 &       0 & 2828320 & 2874923 & 3101936 & 2988620 & 3086742 & 2826010\\\\\n",
       "\tss3\\_3 & 2673996 & 2748865 & 2675564 & 2578505 & 3016188 & 2906879 & 2644625 & 2629587 & 2755049 & 2498396 & 2488742 & 2828320 &       0 & 2244069 & 2395720 & 2285880 & 2509225 & 2374360\\\\\n",
       "\tss3\\_14 & 2633056 & 2722953 & 2630509 & 2532236 & 2990982 & 2875409 & 2611975 & 2572926 & 2732252 & 2494164 & 2486496 & 2874923 & 2244069 &       0 & 2331956 & 2237257 & 2475793 & 2415717\\\\\n",
       "\tss3\\_15 & 2627988 & 2725073 & 2625498 & 2455074 & 3038705 & 2833640 & 2626724 & 2471854 & 2822339 & 2613992 & 2471957 & 3101936 & 2395720 & 2331956 &       0 & 2360985 & 2441239 & 2602130\\\\\n",
       "\tss3\\_16 & 2684751 & 2774236 & 2683810 & 2586647 & 3050749 & 2917771 & 2666984 & 2611991 & 2790160 & 2525104 & 2456093 & 2988620 & 2285880 & 2237257 & 2360985 &       0 & 2508080 & 2520673\\\\\n",
       "\tss3\\_20 & 2729476 & 2794243 & 2742176 & 2595118 & 3075162 & 2910262 & 2743122 & 2611915 & 2853524 & 2682758 & 2637131 & 3086742 & 2509225 & 2475793 & 2441239 & 2508080 &       0 & 2657703\\\\\n",
       "\tss5\\_18 & 2805908 & 2838277 & 2802118 & 2717203 & 3050227 & 2972994 & 2787017 & 2759254 & 2831075 & 2702466 & 2757089 & 2826010 & 2374360 & 2415717 & 2602130 & 2520673 & 2657703 &       0\\\\\n",
       "\\end{tabular}\n"
      ],
      "text/markdown": [
       "\n",
       "A matrix: 18 x 18 of type dbl\n",
       "\n",
       "| <!--/--> | hc1_2 | hc1_4 | hc2_15 | hc2_17 | hc3_1 | hc3_5 | hc3_7 | hc3_10 | hc3_11 | ss2_9 | ss2_14 | ss2_18 | ss3_3 | ss3_14 | ss3_15 | ss3_16 | ss3_20 | ss5_18 |\n",
       "|---|---|---|---|---|---|---|---|---|---|---|---|---|---|---|---|---|---|---|\n",
       "| hc1_2 |       0 | 2833291 | 2759916 | 2673543 | 3086492 | 2747278 | 2757435 | 2596022 | 2886681 | 2864741 | 2816730 | 3174977 | 2673996 | 2633056 | 2627988 | 2684751 | 2729476 | 2805908 |\n",
       "| hc1_4 | 2833291 |       0 | 2752457 | 2607724 | 3034234 | 2984429 | 2714547 | 2749810 | 2935785 | 2941081 | 2921644 | 3186792 | 2748865 | 2722953 | 2725073 | 2774236 | 2794243 | 2838277 |\n",
       "| hc2_15 | 2759916 | 2752457 |       0 | 2553404 | 3004363 | 2952151 | 2599571 | 2689695 | 2898743 | 2865744 | 2806041 | 3206072 | 2675564 | 2630509 | 2625498 | 2683810 | 2742176 | 2802118 |\n",
       "| hc2_17 | 2673543 | 2607724 | 2553404 |       0 | 2992638 | 2838985 | 2565697 | 2523146 | 2854242 | 2765300 | 2684976 | 3174111 | 2578505 | 2532236 | 2455074 | 2586647 | 2595118 | 2717203 |\n",
       "| hc3_1 | 3086492 | 3034234 | 3004363 | 2992638 |       0 | 3199622 | 2832592 | 3074458 | 3098225 | 3179056 | 3217016 | 3272867 | 3016188 | 2990982 | 3038705 | 3050749 | 3075162 | 3050227 |\n",
       "| hc3_5 | 2747278 | 2984429 | 2952151 | 2838985 | 3199622 |       0 | 2969627 | 2732917 | 3070521 | 3065595 | 3014492 | 3298669 | 2906879 | 2875409 | 2833640 | 2917771 | 2910262 | 2972994 |\n",
       "| hc3_7 | 2757435 | 2714547 | 2599571 | 2565697 | 2832592 | 2969627 |       0 | 2713179 | 2867592 | 2850234 | 2829048 | 3169766 | 2644625 | 2611975 | 2626724 | 2666984 | 2743122 | 2787017 |\n",
       "| hc3_10 | 2596022 | 2749810 | 2689695 | 2523146 | 3074458 | 2732917 | 2713179 |       0 | 2908119 | 2815371 | 2693052 | 3197533 | 2629587 | 2572926 | 2471854 | 2611991 | 2611915 | 2759254 |\n",
       "| hc3_11 | 2886681 | 2935785 | 2898743 | 2854242 | 3098225 | 3070521 | 2867592 | 2908119 |       0 | 2937149 | 3018080 | 3135082 | 2755049 | 2732252 | 2822339 | 2790160 | 2853524 | 2831075 |\n",
       "| ss2_9 | 2864741 | 2941081 | 2865744 | 2765300 | 3179056 | 3065595 | 2850234 | 2815371 | 2937149 |       0 | 2631597 | 3058748 | 2498396 | 2494164 | 2613992 | 2525104 | 2682758 | 2702466 |\n",
       "| ss2_14 | 2816730 | 2921644 | 2806041 | 2684976 | 3217016 | 3014492 | 2829048 | 2693052 | 3018080 | 2631597 |       0 | 3211835 | 2488742 | 2486496 | 2471957 | 2456093 | 2637131 | 2757089 |\n",
       "| ss2_18 | 3174977 | 3186792 | 3206072 | 3174111 | 3272867 | 3298669 | 3169766 | 3197533 | 3135082 | 3058748 | 3211835 |       0 | 2828320 | 2874923 | 3101936 | 2988620 | 3086742 | 2826010 |\n",
       "| ss3_3 | 2673996 | 2748865 | 2675564 | 2578505 | 3016188 | 2906879 | 2644625 | 2629587 | 2755049 | 2498396 | 2488742 | 2828320 |       0 | 2244069 | 2395720 | 2285880 | 2509225 | 2374360 |\n",
       "| ss3_14 | 2633056 | 2722953 | 2630509 | 2532236 | 2990982 | 2875409 | 2611975 | 2572926 | 2732252 | 2494164 | 2486496 | 2874923 | 2244069 |       0 | 2331956 | 2237257 | 2475793 | 2415717 |\n",
       "| ss3_15 | 2627988 | 2725073 | 2625498 | 2455074 | 3038705 | 2833640 | 2626724 | 2471854 | 2822339 | 2613992 | 2471957 | 3101936 | 2395720 | 2331956 |       0 | 2360985 | 2441239 | 2602130 |\n",
       "| ss3_16 | 2684751 | 2774236 | 2683810 | 2586647 | 3050749 | 2917771 | 2666984 | 2611991 | 2790160 | 2525104 | 2456093 | 2988620 | 2285880 | 2237257 | 2360985 |       0 | 2508080 | 2520673 |\n",
       "| ss3_20 | 2729476 | 2794243 | 2742176 | 2595118 | 3075162 | 2910262 | 2743122 | 2611915 | 2853524 | 2682758 | 2637131 | 3086742 | 2509225 | 2475793 | 2441239 | 2508080 |       0 | 2657703 |\n",
       "| ss5_18 | 2805908 | 2838277 | 2802118 | 2717203 | 3050227 | 2972994 | 2787017 | 2759254 | 2831075 | 2702466 | 2757089 | 2826010 | 2374360 | 2415717 | 2602130 | 2520673 | 2657703 |       0 |\n",
       "\n"
      ],
      "text/plain": [
       "       hc1_2   hc1_4   hc2_15  hc2_17  hc3_1   hc3_5   hc3_7   hc3_10  hc3_11 \n",
       "hc1_2        0 2833291 2759916 2673543 3086492 2747278 2757435 2596022 2886681\n",
       "hc1_4  2833291       0 2752457 2607724 3034234 2984429 2714547 2749810 2935785\n",
       "hc2_15 2759916 2752457       0 2553404 3004363 2952151 2599571 2689695 2898743\n",
       "hc2_17 2673543 2607724 2553404       0 2992638 2838985 2565697 2523146 2854242\n",
       "hc3_1  3086492 3034234 3004363 2992638       0 3199622 2832592 3074458 3098225\n",
       "hc3_5  2747278 2984429 2952151 2838985 3199622       0 2969627 2732917 3070521\n",
       "hc3_7  2757435 2714547 2599571 2565697 2832592 2969627       0 2713179 2867592\n",
       "hc3_10 2596022 2749810 2689695 2523146 3074458 2732917 2713179       0 2908119\n",
       "hc3_11 2886681 2935785 2898743 2854242 3098225 3070521 2867592 2908119       0\n",
       "ss2_9  2864741 2941081 2865744 2765300 3179056 3065595 2850234 2815371 2937149\n",
       "ss2_14 2816730 2921644 2806041 2684976 3217016 3014492 2829048 2693052 3018080\n",
       "ss2_18 3174977 3186792 3206072 3174111 3272867 3298669 3169766 3197533 3135082\n",
       "ss3_3  2673996 2748865 2675564 2578505 3016188 2906879 2644625 2629587 2755049\n",
       "ss3_14 2633056 2722953 2630509 2532236 2990982 2875409 2611975 2572926 2732252\n",
       "ss3_15 2627988 2725073 2625498 2455074 3038705 2833640 2626724 2471854 2822339\n",
       "ss3_16 2684751 2774236 2683810 2586647 3050749 2917771 2666984 2611991 2790160\n",
       "ss3_20 2729476 2794243 2742176 2595118 3075162 2910262 2743122 2611915 2853524\n",
       "ss5_18 2805908 2838277 2802118 2717203 3050227 2972994 2787017 2759254 2831075\n",
       "       ss2_9   ss2_14  ss2_18  ss3_3   ss3_14  ss3_15  ss3_16  ss3_20  ss5_18 \n",
       "hc1_2  2864741 2816730 3174977 2673996 2633056 2627988 2684751 2729476 2805908\n",
       "hc1_4  2941081 2921644 3186792 2748865 2722953 2725073 2774236 2794243 2838277\n",
       "hc2_15 2865744 2806041 3206072 2675564 2630509 2625498 2683810 2742176 2802118\n",
       "hc2_17 2765300 2684976 3174111 2578505 2532236 2455074 2586647 2595118 2717203\n",
       "hc3_1  3179056 3217016 3272867 3016188 2990982 3038705 3050749 3075162 3050227\n",
       "hc3_5  3065595 3014492 3298669 2906879 2875409 2833640 2917771 2910262 2972994\n",
       "hc3_7  2850234 2829048 3169766 2644625 2611975 2626724 2666984 2743122 2787017\n",
       "hc3_10 2815371 2693052 3197533 2629587 2572926 2471854 2611991 2611915 2759254\n",
       "hc3_11 2937149 3018080 3135082 2755049 2732252 2822339 2790160 2853524 2831075\n",
       "ss2_9        0 2631597 3058748 2498396 2494164 2613992 2525104 2682758 2702466\n",
       "ss2_14 2631597       0 3211835 2488742 2486496 2471957 2456093 2637131 2757089\n",
       "ss2_18 3058748 3211835       0 2828320 2874923 3101936 2988620 3086742 2826010\n",
       "ss3_3  2498396 2488742 2828320       0 2244069 2395720 2285880 2509225 2374360\n",
       "ss3_14 2494164 2486496 2874923 2244069       0 2331956 2237257 2475793 2415717\n",
       "ss3_15 2613992 2471957 3101936 2395720 2331956       0 2360985 2441239 2602130\n",
       "ss3_16 2525104 2456093 2988620 2285880 2237257 2360985       0 2508080 2520673\n",
       "ss3_20 2682758 2637131 3086742 2509225 2475793 2441239 2508080       0 2657703\n",
       "ss5_18 2702466 2757089 2826010 2374360 2415717 2602130 2520673 2657703       0"
      ]
     },
     "metadata": {},
     "output_type": "display_data"
    }
   ],
   "source": [
    "#read in epigenetic Manhattan distance, 5x coverage \n",
    "ep5 <-read.csv(\"../analyses/methylation-filtered/dist.manhat.csv\",header = T)\n",
    "ep5 <- ep5[,c(\"SampNum.row\",\"SampNum.col\",\"dist.manh\")]\n",
    "ep5 <- as.matrix(list2dist(ep5))\n",
    "mbdorder = c(\"hc1_2\",\"hc1_4\",\"hc2_15\",\"hc2_17\",\"hc3_1\",\"hc3_5\",\"hc3_7\",\"hc3_10\",\"hc3_11\",\n",
    "        \"ss2_9\",\"ss2_14\",\"ss2_18\",\"ss3_3\",\"ss3_14\",\"ss3_15\",\"ss3_16\",\"ss3_20\",\"ss5_18\")\n",
    "ep5 <- ep5[mbdorder, mbdorder]\n",
    "ep5\n",
    "Dep5 <- as.dist(ep5)"
   ]
  },
  {
   "cell_type": "code",
   "execution_count": 10,
   "metadata": {},
   "outputs": [
    {
     "data": {
      "text/plain": [
       "         hc1_2   hc1_4  hc2_15  hc2_17   hc3_1   hc3_5   hc3_7  hc3_10  hc3_11\n",
       "hc1_4  2833291                                                                \n",
       "hc2_15 2759916 2752457                                                        \n",
       "hc2_17 2673543 2607724 2553404                                                \n",
       "hc3_1  3086492 3034234 3004363 2992638                                        \n",
       "hc3_5  2747278 2984429 2952151 2838985 3199622                                \n",
       "hc3_7  2757435 2714547 2599571 2565697 2832592 2969627                        \n",
       "hc3_10 2596022 2749810 2689695 2523146 3074458 2732917 2713179                \n",
       "hc3_11 2886681 2935785 2898743 2854242 3098225 3070521 2867592 2908119        \n",
       "ss2_9  2864741 2941081 2865744 2765300 3179056 3065595 2850234 2815371 2937149\n",
       "ss2_14 2816730 2921644 2806041 2684976 3217016 3014492 2829048 2693052 3018080\n",
       "ss2_18 3174977 3186792 3206072 3174111 3272867 3298669 3169766 3197533 3135082\n",
       "ss3_3  2673996 2748865 2675564 2578505 3016188 2906879 2644625 2629587 2755049\n",
       "ss3_14 2633056 2722953 2630509 2532236 2990982 2875409 2611975 2572926 2732252\n",
       "ss3_15 2627988 2725073 2625498 2455074 3038705 2833640 2626724 2471854 2822339\n",
       "ss3_16 2684751 2774236 2683810 2586647 3050749 2917771 2666984 2611991 2790160\n",
       "ss3_20 2729476 2794243 2742176 2595118 3075162 2910262 2743122 2611915 2853524\n",
       "ss5_18 2805908 2838277 2802118 2717203 3050227 2972994 2787017 2759254 2831075\n",
       "         ss2_9  ss2_14  ss2_18   ss3_3  ss3_14  ss3_15  ss3_16  ss3_20\n",
       "hc1_4                                                                 \n",
       "hc2_15                                                                \n",
       "hc2_17                                                                \n",
       "hc3_1                                                                 \n",
       "hc3_5                                                                 \n",
       "hc3_7                                                                 \n",
       "hc3_10                                                                \n",
       "hc3_11                                                                \n",
       "ss2_9                                                                 \n",
       "ss2_14 2631597                                                        \n",
       "ss2_18 3058748 3211835                                                \n",
       "ss3_3  2498396 2488742 2828320                                        \n",
       "ss3_14 2494164 2486496 2874923 2244069                                \n",
       "ss3_15 2613992 2471957 3101936 2395720 2331956                        \n",
       "ss3_16 2525104 2456093 2988620 2285880 2237257 2360985                \n",
       "ss3_20 2682758 2637131 3086742 2509225 2475793 2441239 2508080        \n",
       "ss5_18 2702466 2757089 2826010 2374360 2415717 2602130 2520673 2657703"
      ]
     },
     "metadata": {},
     "output_type": "display_data"
    }
   ],
   "source": [
    "Dep5"
   ]
  },
  {
   "cell_type": "code",
   "execution_count": 8,
   "metadata": {
    "kernel": "R"
   },
   "outputs": [
    {
     "data": {
      "text/html": [
       "<table class=\"dataframe\">\n",
       "<caption>A data.frame: 18 x 18</caption>\n",
       "<thead>\n",
       "\t<tr><th></th><th scope=col>hc1_2</th><th scope=col>hc1_4</th><th scope=col>hc2_15</th><th scope=col>hc2_17</th><th scope=col>hc3_1</th><th scope=col>hc3_5</th><th scope=col>hc3_7</th><th scope=col>hc3_10</th><th scope=col>hc3_11</th><th scope=col>ss2_9</th><th scope=col>ss2_14</th><th scope=col>ss2_18</th><th scope=col>ss3_3</th><th scope=col>ss3_14</th><th scope=col>ss3_15</th><th scope=col>ss3_16</th><th scope=col>ss3_20</th><th scope=col>ss5_18</th></tr>\n",
       "\t<tr><th></th><th scope=col>&lt;dbl&gt;</th><th scope=col>&lt;dbl&gt;</th><th scope=col>&lt;dbl&gt;</th><th scope=col>&lt;dbl&gt;</th><th scope=col>&lt;dbl&gt;</th><th scope=col>&lt;dbl&gt;</th><th scope=col>&lt;dbl&gt;</th><th scope=col>&lt;dbl&gt;</th><th scope=col>&lt;dbl&gt;</th><th scope=col>&lt;dbl&gt;</th><th scope=col>&lt;dbl&gt;</th><th scope=col>&lt;dbl&gt;</th><th scope=col>&lt;dbl&gt;</th><th scope=col>&lt;dbl&gt;</th><th scope=col>&lt;dbl&gt;</th><th scope=col>&lt;dbl&gt;</th><th scope=col>&lt;dbl&gt;</th><th scope=col>&lt;dbl&gt;</th></tr>\n",
       "</thead>\n",
       "<tbody>\n",
       "\t<tr><th scope=row>hc1_2</th><td>0.0000000</td><td>0.2155436</td><td>0.2054988</td><td>0.2245761</td><td>0.2140475</td><td>0.1251035</td><td>0.2137833</td><td>0.1941731</td><td>0.2196581</td><td>0.2191748</td><td>0.2201363</td><td>0.2251679</td><td>0.2293540</td><td>0.2303018</td><td>0.2273960</td><td>0.2267536</td><td>0.2241723</td><td>0.2393679</td></tr>\n",
       "\t<tr><th scope=row>hc1_4</th><td>0.2155436</td><td>0.0000000</td><td>0.1844240</td><td>0.1693271</td><td>0.1811331</td><td>0.2071129</td><td>0.1608409</td><td>0.2090009</td><td>0.2157563</td><td>0.2186305</td><td>0.2188330</td><td>0.2146309</td><td>0.2291905</td><td>0.2247412</td><td>0.2257357</td><td>0.2190871</td><td>0.2157204</td><td>0.2274161</td></tr>\n",
       "\t<tr><th scope=row>hc2_15</th><td>0.2054988</td><td>0.1844240</td><td>0.0000000</td><td>0.2041950</td><td>0.1854690</td><td>0.2021604</td><td>0.1823913</td><td>0.1592689</td><td>0.2168135</td><td>0.2041132</td><td>0.2085476</td><td>0.1910094</td><td>0.2042863</td><td>0.2045106</td><td>0.2061360</td><td>0.2040459</td><td>0.2013346</td><td>0.2098602</td></tr>\n",
       "\t<tr><th scope=row>hc2_17</th><td>0.2245761</td><td>0.1693271</td><td>0.2041950</td><td>0.0000000</td><td>0.1884048</td><td>0.2163634</td><td>0.1724402</td><td>0.2179260</td><td>0.2265039</td><td>0.2268210</td><td>0.2268209</td><td>0.2283067</td><td>0.2379735</td><td>0.2322090</td><td>0.2385235</td><td>0.2269364</td><td>0.2294361</td><td>0.2372695</td></tr>\n",
       "\t<tr><th scope=row>hc3_1</th><td>0.2140475</td><td>0.1811331</td><td>0.1854690</td><td>0.1884048</td><td>0.0000000</td><td>0.2084380</td><td>0.1141350</td><td>0.2070880</td><td>0.2092909</td><td>0.2195993</td><td>0.2160866</td><td>0.2155464</td><td>0.2254828</td><td>0.2196778</td><td>0.2258590</td><td>0.2205749</td><td>0.2200920</td><td>0.2156870</td></tr>\n",
       "\t<tr><th scope=row>hc3_5</th><td>0.1251035</td><td>0.2071129</td><td>0.2021604</td><td>0.2163634</td><td>0.2084380</td><td>0.0000000</td><td>0.2104185</td><td>0.1869989</td><td>0.2143060</td><td>0.2202222</td><td>0.2148287</td><td>0.2214425</td><td>0.2216537</td><td>0.2194587</td><td>0.2223524</td><td>0.2192765</td><td>0.2221298</td><td>0.2263948</td></tr>\n",
       "\t<tr><th scope=row>hc3_7</th><td>0.2137833</td><td>0.1608409</td><td>0.1823913</td><td>0.1724402</td><td>0.1141350</td><td>0.2104185</td><td>0.0000000</td><td>0.2098760</td><td>0.2154145</td><td>0.2211945</td><td>0.2233552</td><td>0.2236631</td><td>0.2265407</td><td>0.2248371</td><td>0.2269251</td><td>0.2224353</td><td>0.2260581</td><td>0.2286600</td></tr>\n",
       "\t<tr><th scope=row>hc3_10</th><td>0.1941731</td><td>0.2090009</td><td>0.1592689</td><td>0.2179260</td><td>0.2070880</td><td>0.1869989</td><td>0.2098760</td><td>0.0000000</td><td>0.2158190</td><td>0.2072541</td><td>0.2123815</td><td>0.2048036</td><td>0.2057382</td><td>0.2078799</td><td>0.1916720</td><td>0.2139469</td><td>0.2081097</td><td>0.2118349</td></tr>\n",
       "\t<tr><th scope=row>hc3_11</th><td>0.2196581</td><td>0.2157563</td><td>0.2168135</td><td>0.2265039</td><td>0.2092909</td><td>0.2143060</td><td>0.2154145</td><td>0.2158190</td><td>0.0000000</td><td>0.2204729</td><td>0.2206785</td><td>0.2201360</td><td>0.2362094</td><td>0.2252514</td><td>0.2307265</td><td>0.2282604</td><td>0.2200907</td><td>0.2270442</td></tr>\n",
       "\t<tr><th scope=row>ss2_9</th><td>0.2191748</td><td>0.2186305</td><td>0.2041132</td><td>0.2268210</td><td>0.2195993</td><td>0.2202222</td><td>0.2211945</td><td>0.2072541</td><td>0.2204729</td><td>0.0000000</td><td>0.1482022</td><td>0.1643140</td><td>0.1565610</td><td>0.1642693</td><td>0.2091080</td><td>0.1664055</td><td>0.2066793</td><td>0.1738464</td></tr>\n",
       "\t<tr><th scope=row>ss2_14</th><td>0.2201363</td><td>0.2188330</td><td>0.2085476</td><td>0.2268209</td><td>0.2160866</td><td>0.2148287</td><td>0.2233552</td><td>0.2123815</td><td>0.2206785</td><td>0.1482022</td><td>0.0000000</td><td>0.1741098</td><td>0.1484094</td><td>0.1731242</td><td>0.2053117</td><td>0.1555210</td><td>0.2028654</td><td>0.1736163</td></tr>\n",
       "\t<tr><th scope=row>ss2_18</th><td>0.2251679</td><td>0.2146309</td><td>0.1910094</td><td>0.2283067</td><td>0.2155464</td><td>0.2214425</td><td>0.2236631</td><td>0.2048036</td><td>0.2201360</td><td>0.1643140</td><td>0.1741098</td><td>0.0000000</td><td>0.1311476</td><td>0.1613894</td><td>0.2121693</td><td>0.1856383</td><td>0.1988239</td><td>0.1271048</td></tr>\n",
       "\t<tr><th scope=row>ss3_3</th><td>0.2293540</td><td>0.2291905</td><td>0.2042863</td><td>0.2379735</td><td>0.2254828</td><td>0.2216537</td><td>0.2265407</td><td>0.2057382</td><td>0.2362094</td><td>0.1565610</td><td>0.1484094</td><td>0.1311476</td><td>0.0000000</td><td>0.1692117</td><td>0.2093890</td><td>0.1462554</td><td>0.2056096</td><td>0.1244475</td></tr>\n",
       "\t<tr><th scope=row>ss3_14</th><td>0.2303018</td><td>0.2247412</td><td>0.2045106</td><td>0.2322090</td><td>0.2196778</td><td>0.2194587</td><td>0.2248371</td><td>0.2078799</td><td>0.2252514</td><td>0.1642693</td><td>0.1731242</td><td>0.1613894</td><td>0.1692117</td><td>0.0000000</td><td>0.2101518</td><td>0.1645175</td><td>0.2069574</td><td>0.1486115</td></tr>\n",
       "\t<tr><th scope=row>ss3_15</th><td>0.2273960</td><td>0.2257357</td><td>0.2061360</td><td>0.2385235</td><td>0.2258590</td><td>0.2223524</td><td>0.2269251</td><td>0.1916720</td><td>0.2307265</td><td>0.2091080</td><td>0.2053117</td><td>0.2121693</td><td>0.2093890</td><td>0.2101518</td><td>0.0000000</td><td>0.2127640</td><td>0.2091865</td><td>0.2141706</td></tr>\n",
       "\t<tr><th scope=row>ss3_16</th><td>0.2267536</td><td>0.2190871</td><td>0.2040459</td><td>0.2269364</td><td>0.2205749</td><td>0.2192765</td><td>0.2224353</td><td>0.2139469</td><td>0.2282604</td><td>0.1664055</td><td>0.1555210</td><td>0.1856383</td><td>0.1462554</td><td>0.1645175</td><td>0.2127640</td><td>0.0000000</td><td>0.2047189</td><td>0.1671745</td></tr>\n",
       "\t<tr><th scope=row>ss3_20</th><td>0.2241723</td><td>0.2157204</td><td>0.2013346</td><td>0.2294361</td><td>0.2200920</td><td>0.2221298</td><td>0.2260581</td><td>0.2081097</td><td>0.2200907</td><td>0.2066793</td><td>0.2028654</td><td>0.1988239</td><td>0.2056096</td><td>0.2069574</td><td>0.2091865</td><td>0.2047189</td><td>0.0000000</td><td>0.2039022</td></tr>\n",
       "\t<tr><th scope=row>ss5_18</th><td>0.2393679</td><td>0.2274161</td><td>0.2098602</td><td>0.2372695</td><td>0.2156870</td><td>0.2263948</td><td>0.2286600</td><td>0.2118349</td><td>0.2270442</td><td>0.1738464</td><td>0.1736163</td><td>0.1271048</td><td>0.1244475</td><td>0.1486115</td><td>0.2141706</td><td>0.1671745</td><td>0.2039022</td><td>0.0000000</td></tr>\n",
       "</tbody>\n",
       "</table>\n"
      ],
      "text/latex": [
       "A data.frame: 18 x 18\n",
       "\\begin{tabular}{r|llllllllllllllllll}\n",
       "  & hc1\\_2 & hc1\\_4 & hc2\\_15 & hc2\\_17 & hc3\\_1 & hc3\\_5 & hc3\\_7 & hc3\\_10 & hc3\\_11 & ss2\\_9 & ss2\\_14 & ss2\\_18 & ss3\\_3 & ss3\\_14 & ss3\\_15 & ss3\\_16 & ss3\\_20 & ss5\\_18\\\\\n",
       "  & <dbl> & <dbl> & <dbl> & <dbl> & <dbl> & <dbl> & <dbl> & <dbl> & <dbl> & <dbl> & <dbl> & <dbl> & <dbl> & <dbl> & <dbl> & <dbl> & <dbl> & <dbl>\\\\\n",
       "\\hline\n",
       "\thc1\\_2 & 0.0000000 & 0.2155436 & 0.2054988 & 0.2245761 & 0.2140475 & 0.1251035 & 0.2137833 & 0.1941731 & 0.2196581 & 0.2191748 & 0.2201363 & 0.2251679 & 0.2293540 & 0.2303018 & 0.2273960 & 0.2267536 & 0.2241723 & 0.2393679\\\\\n",
       "\thc1\\_4 & 0.2155436 & 0.0000000 & 0.1844240 & 0.1693271 & 0.1811331 & 0.2071129 & 0.1608409 & 0.2090009 & 0.2157563 & 0.2186305 & 0.2188330 & 0.2146309 & 0.2291905 & 0.2247412 & 0.2257357 & 0.2190871 & 0.2157204 & 0.2274161\\\\\n",
       "\thc2\\_15 & 0.2054988 & 0.1844240 & 0.0000000 & 0.2041950 & 0.1854690 & 0.2021604 & 0.1823913 & 0.1592689 & 0.2168135 & 0.2041132 & 0.2085476 & 0.1910094 & 0.2042863 & 0.2045106 & 0.2061360 & 0.2040459 & 0.2013346 & 0.2098602\\\\\n",
       "\thc2\\_17 & 0.2245761 & 0.1693271 & 0.2041950 & 0.0000000 & 0.1884048 & 0.2163634 & 0.1724402 & 0.2179260 & 0.2265039 & 0.2268210 & 0.2268209 & 0.2283067 & 0.2379735 & 0.2322090 & 0.2385235 & 0.2269364 & 0.2294361 & 0.2372695\\\\\n",
       "\thc3\\_1 & 0.2140475 & 0.1811331 & 0.1854690 & 0.1884048 & 0.0000000 & 0.2084380 & 0.1141350 & 0.2070880 & 0.2092909 & 0.2195993 & 0.2160866 & 0.2155464 & 0.2254828 & 0.2196778 & 0.2258590 & 0.2205749 & 0.2200920 & 0.2156870\\\\\n",
       "\thc3\\_5 & 0.1251035 & 0.2071129 & 0.2021604 & 0.2163634 & 0.2084380 & 0.0000000 & 0.2104185 & 0.1869989 & 0.2143060 & 0.2202222 & 0.2148287 & 0.2214425 & 0.2216537 & 0.2194587 & 0.2223524 & 0.2192765 & 0.2221298 & 0.2263948\\\\\n",
       "\thc3\\_7 & 0.2137833 & 0.1608409 & 0.1823913 & 0.1724402 & 0.1141350 & 0.2104185 & 0.0000000 & 0.2098760 & 0.2154145 & 0.2211945 & 0.2233552 & 0.2236631 & 0.2265407 & 0.2248371 & 0.2269251 & 0.2224353 & 0.2260581 & 0.2286600\\\\\n",
       "\thc3\\_10 & 0.1941731 & 0.2090009 & 0.1592689 & 0.2179260 & 0.2070880 & 0.1869989 & 0.2098760 & 0.0000000 & 0.2158190 & 0.2072541 & 0.2123815 & 0.2048036 & 0.2057382 & 0.2078799 & 0.1916720 & 0.2139469 & 0.2081097 & 0.2118349\\\\\n",
       "\thc3\\_11 & 0.2196581 & 0.2157563 & 0.2168135 & 0.2265039 & 0.2092909 & 0.2143060 & 0.2154145 & 0.2158190 & 0.0000000 & 0.2204729 & 0.2206785 & 0.2201360 & 0.2362094 & 0.2252514 & 0.2307265 & 0.2282604 & 0.2200907 & 0.2270442\\\\\n",
       "\tss2\\_9 & 0.2191748 & 0.2186305 & 0.2041132 & 0.2268210 & 0.2195993 & 0.2202222 & 0.2211945 & 0.2072541 & 0.2204729 & 0.0000000 & 0.1482022 & 0.1643140 & 0.1565610 & 0.1642693 & 0.2091080 & 0.1664055 & 0.2066793 & 0.1738464\\\\\n",
       "\tss2\\_14 & 0.2201363 & 0.2188330 & 0.2085476 & 0.2268209 & 0.2160866 & 0.2148287 & 0.2233552 & 0.2123815 & 0.2206785 & 0.1482022 & 0.0000000 & 0.1741098 & 0.1484094 & 0.1731242 & 0.2053117 & 0.1555210 & 0.2028654 & 0.1736163\\\\\n",
       "\tss2\\_18 & 0.2251679 & 0.2146309 & 0.1910094 & 0.2283067 & 0.2155464 & 0.2214425 & 0.2236631 & 0.2048036 & 0.2201360 & 0.1643140 & 0.1741098 & 0.0000000 & 0.1311476 & 0.1613894 & 0.2121693 & 0.1856383 & 0.1988239 & 0.1271048\\\\\n",
       "\tss3\\_3 & 0.2293540 & 0.2291905 & 0.2042863 & 0.2379735 & 0.2254828 & 0.2216537 & 0.2265407 & 0.2057382 & 0.2362094 & 0.1565610 & 0.1484094 & 0.1311476 & 0.0000000 & 0.1692117 & 0.2093890 & 0.1462554 & 0.2056096 & 0.1244475\\\\\n",
       "\tss3\\_14 & 0.2303018 & 0.2247412 & 0.2045106 & 0.2322090 & 0.2196778 & 0.2194587 & 0.2248371 & 0.2078799 & 0.2252514 & 0.1642693 & 0.1731242 & 0.1613894 & 0.1692117 & 0.0000000 & 0.2101518 & 0.1645175 & 0.2069574 & 0.1486115\\\\\n",
       "\tss3\\_15 & 0.2273960 & 0.2257357 & 0.2061360 & 0.2385235 & 0.2258590 & 0.2223524 & 0.2269251 & 0.1916720 & 0.2307265 & 0.2091080 & 0.2053117 & 0.2121693 & 0.2093890 & 0.2101518 & 0.0000000 & 0.2127640 & 0.2091865 & 0.2141706\\\\\n",
       "\tss3\\_16 & 0.2267536 & 0.2190871 & 0.2040459 & 0.2269364 & 0.2205749 & 0.2192765 & 0.2224353 & 0.2139469 & 0.2282604 & 0.1664055 & 0.1555210 & 0.1856383 & 0.1462554 & 0.1645175 & 0.2127640 & 0.0000000 & 0.2047189 & 0.1671745\\\\\n",
       "\tss3\\_20 & 0.2241723 & 0.2157204 & 0.2013346 & 0.2294361 & 0.2200920 & 0.2221298 & 0.2260581 & 0.2081097 & 0.2200907 & 0.2066793 & 0.2028654 & 0.1988239 & 0.2056096 & 0.2069574 & 0.2091865 & 0.2047189 & 0.0000000 & 0.2039022\\\\\n",
       "\tss5\\_18 & 0.2393679 & 0.2274161 & 0.2098602 & 0.2372695 & 0.2156870 & 0.2263948 & 0.2286600 & 0.2118349 & 0.2270442 & 0.1738464 & 0.1736163 & 0.1271048 & 0.1244475 & 0.1486115 & 0.2141706 & 0.1671745 & 0.2039022 & 0.0000000\\\\\n",
       "\\end{tabular}\n"
      ],
      "text/markdown": [
       "\n",
       "A data.frame: 18 x 18\n",
       "\n",
       "| <!--/--> | hc1_2 &lt;dbl&gt; | hc1_4 &lt;dbl&gt; | hc2_15 &lt;dbl&gt; | hc2_17 &lt;dbl&gt; | hc3_1 &lt;dbl&gt; | hc3_5 &lt;dbl&gt; | hc3_7 &lt;dbl&gt; | hc3_10 &lt;dbl&gt; | hc3_11 &lt;dbl&gt; | ss2_9 &lt;dbl&gt; | ss2_14 &lt;dbl&gt; | ss2_18 &lt;dbl&gt; | ss3_3 &lt;dbl&gt; | ss3_14 &lt;dbl&gt; | ss3_15 &lt;dbl&gt; | ss3_16 &lt;dbl&gt; | ss3_20 &lt;dbl&gt; | ss5_18 &lt;dbl&gt; |\n",
       "|---|---|---|---|---|---|---|---|---|---|---|---|---|---|---|---|---|---|---|\n",
       "| hc1_2 | 0.0000000 | 0.2155436 | 0.2054988 | 0.2245761 | 0.2140475 | 0.1251035 | 0.2137833 | 0.1941731 | 0.2196581 | 0.2191748 | 0.2201363 | 0.2251679 | 0.2293540 | 0.2303018 | 0.2273960 | 0.2267536 | 0.2241723 | 0.2393679 |\n",
       "| hc1_4 | 0.2155436 | 0.0000000 | 0.1844240 | 0.1693271 | 0.1811331 | 0.2071129 | 0.1608409 | 0.2090009 | 0.2157563 | 0.2186305 | 0.2188330 | 0.2146309 | 0.2291905 | 0.2247412 | 0.2257357 | 0.2190871 | 0.2157204 | 0.2274161 |\n",
       "| hc2_15 | 0.2054988 | 0.1844240 | 0.0000000 | 0.2041950 | 0.1854690 | 0.2021604 | 0.1823913 | 0.1592689 | 0.2168135 | 0.2041132 | 0.2085476 | 0.1910094 | 0.2042863 | 0.2045106 | 0.2061360 | 0.2040459 | 0.2013346 | 0.2098602 |\n",
       "| hc2_17 | 0.2245761 | 0.1693271 | 0.2041950 | 0.0000000 | 0.1884048 | 0.2163634 | 0.1724402 | 0.2179260 | 0.2265039 | 0.2268210 | 0.2268209 | 0.2283067 | 0.2379735 | 0.2322090 | 0.2385235 | 0.2269364 | 0.2294361 | 0.2372695 |\n",
       "| hc3_1 | 0.2140475 | 0.1811331 | 0.1854690 | 0.1884048 | 0.0000000 | 0.2084380 | 0.1141350 | 0.2070880 | 0.2092909 | 0.2195993 | 0.2160866 | 0.2155464 | 0.2254828 | 0.2196778 | 0.2258590 | 0.2205749 | 0.2200920 | 0.2156870 |\n",
