"hc1_2" "hc1_4" "hc2_15" "hc2_17" "hc3_1" "hc3_5" "hc3_7" "hc3_10" "hc3_11" "ss2_9" "ss2_14" "ss2_18" "ss3_3" "ss3_14" "ss3_15" "ss3_16" "ss3_20" "ss5_18"
"hc1_2" 0 0.2023221535 0.1963289912 0.2129627849 0.2024981452 0.1192460659 0.2032492386 0.1827543062 0.2075677843 0.2063261852 0.2085351142 0.2105633653 0.2146844574 0.2142404392 0.2150684803 0.2136523468 0.2103819529 0.2235714735
"hc1_4" 0.2023221535 0 0.17711444 0.1604287317 0.1717956682 0.1959831934 0.151800651 0.1966787358 0.204872515 0.2092933538 0.208771652 0.2042153662 0.2169114544 0.2130224031 0.2143112161 0.208231472 0.2038520278 0.216187783
"hc2_15" 0.1963289912 0.17711444 0 0.1938729657 0.177574139 0.1935886585 0.1741291323 0.1535170728 0.2061692248 0.195595404 0.2009524956 0.1834991628 0.1946710792 0.1953912766 0.1983889482 0.1947530094 0.1917159817 0.199775456
"hc2_17" 0.2129627849 0.1604287317 0.1938729657 0 0.1783283243 0.2035776009 0.1635525654 0.2041895467 0.2124524915 0.2124897554 0.2137228115 0.2134136775 0.2227653679 0.2187251372 0.2246482744 0.213627527 0.2155611249 0.2236083568
"hc3_1" 0.2024981452 0.1717956682 0.177574139 0.1783283243 0 0.1971289472 0.1087611381 0.1957820469 0.1980693634 0.2087702298 0.2077617091 0.2028168631 0.2132565616 0.2066287428 0.2152055572 0.2094276189 0.2071587438 0.2045431616
"hc3_5" 0.1192460659 0.1959831934 0.1935886585 0.2035776009 0.1971289472 0 0.1995345765 0.1772505873 0.2041739115 0.2087015857 0.2053285392 0.2078586843 0.2100327432 0.2065308124 0.2114086671 0.2092313892 0.2105458278 0.2125567917
"hc3_7" 0.2032492386 0.151800651 0.1741291323 0.1635525654 0.1087611381 0.1995345765 0 0.1999380772 0.203923577 0.2105172153 0.213547207 0.2116604413 0.2147009697 0.2132777735 0.2169323888 0.2121842991 0.2134873806 0.2170903966
"hc3_10" 0.1827543062 0.1966787358 0.1535170728 0.2041895467 0.1957820469 0.1772505873 0.1999380772 0 0.2041366252 0.1973513069 0.2030168403 0.1945121955 0.1953693033 0.198113993 0.1813731204 0.203790384 0.1955729059 0.2006615644
"hc3_11" 0.2075677843 0.204872515 0.2061692248 0.2124524915 0.1980693634 0.2041739115 0.203923577 0.2041366252 0 0.2095651876 0.2099877956 0.2080717642 0.2232198845 0.2111053178 0.2183356124 0.2158649231 0.2068435186 0.2153289028
"ss2_9" 0.2063261852 0.2092933538 0.195595404 0.2124897554 0.2087702298 0.2087015857 0.2105172153 0.1973513069 0.2095651876 0 0.1420055373 0.1566094632 0.1485755221 0.1555472382 0.1994546158 0.1565956619 0.1944261009 0.1652972324
"ss2_14" 0.2085351142 0.208771652 0.2009524956 0.2137228115 0.2077617091 0.2053285392 0.213547207 0.2030168403 0.2099877956 0.1420055373 0 0.1657238588 0.1405964848 0.1656926614 0.1970775002 0.1488547365 0.1916048636 0.1637565796
"ss2_18" 0.2105633653 0.2042153662 0.1834991628 0.2134136775 0.2028168631 0.2078586843 0.2116604413 0.1945121955 0.2080717642 0.1566094632 0.1657238588 0 0.1236000742 0.1507909124 0.2029922859 0.1754111023 0.1869568481 0.1199217495
"ss3_3" 0.2146844574 0.2169114544 0.1946710792 0.2227653679 0.2132565616 0.2100327432 0.2147009697 0.1953693033 0.2232198845 0.1485755221 0.1405964848 0.1236000742 0 0.1586551086 0.1997827367 0.1374749322 0.192491501 0.1169244496
"ss3_14" 0.2142404392 0.2130224031 0.1953912766 0.2187251372 0.2066287428 0.2065308124 0.2132777735 0.198113993 0.2111053178 0.1555472382 0.1656926614 0.1507909124 0.1586551086 0 0.2002802466 0.1561348621 0.1947743547 0.1388978736
"ss3_15" 0.2150684803 0.2143112161 0.1983889482 0.2246482744 0.2152055572 0.2114086671 0.2169323888 0.1813731204 0.2183356124 0.1994546158 0.1970775002 0.2029922859 0.1997827367 0.2002802466 0 0.2028621944 0.1968110143 0.2035434588
"ss3_16" 0.2136523468 0.208231472 0.1947530094 0.213627527 0.2094276189 0.2092313892 0.2121842991 0.203790384 0.2158649231 0.1565956619 0.1488547365 0.1754111023 0.1374749322 0.1561348621 0.2028621944 0 0.1931465831 0.1575714885
"ss3_20" 0.2103819529 0.2038520278 0.1917159817 0.2155611249 0.2071587438 0.2105458278 0.2134873806 0.1955729059 0.2068435186 0.1944261009 0.1916048636 0.1869568481 0.192491501 0.1947743547 0.1968110143 0.1931465831 0 0.1915814701
"ss5_18" 0.2235714735 0.216187783 0.199775456 0.2236083568 0.2045431616 0.2125567917 0.2170903966 0.2006615644 0.2153289028 0.1652972324 0.1637565796 0.1199217495 0.1169244496 0.1388978736 0.2035434588 0.1575714885 0.1915814701 0
