18 
hc1_2	0	0.2155435818	0.2054988392	0.2245761193	0.2140474596	0.1251035314	0.2137833233	0.1941730525	0.2196581012	0.2191747892	0.220136335	0.2251679244	0.2293539819	0.2303017901	0.2273960376	0.2267536274	0.2241723375	0.2393678876
hc1_4	0.2155435818	0	0.1844239708	0.1693271472	0.1811331248	0.2071128504	0.1608408834	0.2090009092	0.2157562905	0.2186304743	0.218833026	0.2146309036	0.2291905212	0.2247411553	0.2257357343	0.2190871497	0.2157204481	0.2274161025
hc2_15	0.2054988392	0.1844239708	0	0.2041950203	0.1854689512	0.2021604037	0.1823912971	0.1592688964	0.2168134905	0.2041132324	0.2085476282	0.1910094441	0.2042863229	0.2045106253	0.2061360392	0.2040459484	0.2013346216	0.2098602246
hc2_17	0.2245761193	0.1693271472	0.2041950203	0	0.1884048418	0.2163633783	0.172440246	0.2179259761	0.226503883	0.2268210085	0.226820921	0.2283067054	0.2379735434	0.2322090334	0.2385234524	0.2269364038	0.2294361105	0.2372695219
hc3_1	0.2140474596	0.1811331248	0.1854689512	0.1884048418	0	0.2084380465	0.1141350475	0.2070879599	0.2092909136	0.2195992829	0.216086556	0.2155464181	0.2254828406	0.2196778178	0.22585898	0.2205749452	0.220092032	0.2156870284
hc3_5	0.1251035314	0.2071128504	0.2021604037	0.2163633783	0.2084380465	0	0.210418492	0.1869989067	0.2143059686	0.2202222088	0.2148286513	0.2214424913	0.2216537458	0.2194587347	0.2223523946	0.2192764592	0.2221297879	0.2263948139
hc3_7	0.2137833233	0.1608408834	0.1823912971	0.172440246	0.1141350475	0.210418492	0	0.2098760449	0.2154145067	0.2211945026	0.2233552185	0.2236630965	0.2265406745	0.22483705	0.2269251085	0.222435335	0.2260581116	0.2286599785
hc3_10	0.1941730525	0.2090009092	0.1592688964	0.2179259761	0.2070879599	0.1869989067	0.2098760449	0	0.2158190172	0.2072541015	0.212381475	0.2048036298	0.2057382019	0.207879904	0.1916719565	0.2139469476	0.2081096936	0.2118349325
hc3_11	0.2196581012	0.2157562905	0.2168134905	0.226503883	0.2092909136	0.2143059686	0.2154145067	0.2158190172	0	0.2204728623	0.2206784887	0.2201360435	0.2362094159	0.2252513622	0.2307265485	0.2282604452	0.2200906827	0.227044233
ss2_9	0.2191747892	0.2186304743	0.2041132324	0.2268210085	0.2195992829	0.2202222088	0.2211945026	0.2072541015	0.2204728623	0	0.1482022335	0.1643140244	0.1565610085	0.1642692973	0.2091079532	0.166405534	0.2066792764	0.1738463514
ss2_14	0.220136335	0.218833026	0.2085476282	0.226820921	0.216086556	0.2148286513	0.2233552185	0.212381475	0.2206784887	0.1482022335	0	0.1741097637	0.1484093581	0.1731241746	0.2053117085	0.1555209712	0.2028654454	0.1736163146
ss2_18	0.2251679244	0.2146309036	0.1910094441	0.2283067054	0.2155464181	0.2214424913	0.2236630965	0.2048036298	0.2201360435	0.1643140244	0.1741097637	0	0.1311475744	0.1613894051	0.2121692656	0.1856383428	0.198823864	0.1271047544
ss3_3	0.2293539819	0.2291905212	0.2042863229	0.2379735434	0.2254828406	0.2216537458	0.2265406745	0.2057382019	0.2362094159	0.1565610085	0.1484093581	0.1311475744	0	0.1692116945	0.2093889825	0.1462553997	0.2056095887	0.1244474957
ss3_14	0.2303017901	0.2247411553	0.2045106253	0.2322090334	0.2196778178	0.2194587347	0.22483705	0.207879904	0.2252513622	0.1642692973	0.1731241746	0.1613894051	0.1692116945	0	0.2101517698	0.1645175404	0.2069574468	0.1486115337
ss3_15	0.2273960376	0.2257357343	0.2061360392	0.2385234524	0.22585898	0.2223523946	0.2269251085	0.1916719565	0.2307265485	0.2091079532	0.2053117085	0.2121692656	0.2093889825	0.2101517698	0	0.2127640465	0.2091865361	0.2141705762
ss3_16	0.2267536274	0.2190871497	0.2040459484	0.2269364038	0.2205749452	0.2192764592	0.222435335	0.2139469476	0.2282604452	0.166405534	0.1555209712	0.1856383428	0.1462553997	0.1645175404	0.2127640465	0	0.204718856	0.1671744906
ss3_20	0.2241723375	0.2157204481	0.2013346216	0.2294361105	0.220092032	0.2221297879	0.2260581116	0.2081096936	0.2200906827	0.2066792764	0.2028654454	0.198823864	0.2056095887	0.2069574468	0.2091865361	0.204718856	0	0.203902159
ss5_18	0.2393678876	0.2274161025	0.2098602246	0.2372695219	0.2156870284	0.2263948139	0.2286599785	0.2118349325	0.227044233	0.1738463514	0.1736163146	0.1271047544	0.1244474957	0.1486115337	0.2141705762	0.1671744906	0.203902159	0
